stationId,durCode,SENSOR_NUM,sensorType,date,obsDate,value,dataFlag,units
HOR,D,3,SNOW WC,2009-10-1 00:00,2009-10-1 00:00,-0.2, ,INCHES
HOR,D,3,SNOW WC,2009-10-2 00:00,2009-10-2 00:00,0.0, ,INCHES
HOR,D,3,SNOW WC,2009-10-3 00:00,2009-10-3 00:00,0.0, ,INCHES
HOR,D,3,SNOW WC,2009-10-4 00:00,2009-10-4 00:00,0.0, ,INCHES
HOR,D,3,SNOW WC,2009-10-5 00:00,2009-10-5 00:00,0.1, ,INCHES
HOR,D,3,SNOW WC,2009-10-6 00:00,2009-10-6 00:00,0.1, ,INCHES
HOR,D,3,SNOW WC,2009-10-7 00:00,2009-10-7 00:00,0.0, ,INCHES
HOR,D,3,SNOW WC,2009-10-8 00:00,2009-10-8 00:00,0.0, ,INCHES
HOR,D,3,SNOW WC,2009-10-9 00:00,2009-10-9 00:00,0.0, ,INCHES
HOR,D,3,SNOW WC,2009-10-10 00:00,2009-10-10 00:00,0.0, ,INCHES
HOR,D,3,SNOW WC,2009-10-11 00:00,2009-10-11 00:00,0.0, ,INCHES
HOR,D,3,SNOW WC,2009-10-12 00:00,2009-10-12 00:00,0.0, ,INCHES
HOR,D,3,SNOW WC,2009-10-13 00:00,2009-10-13 00:00,0.1, ,INCHES
HOR,D,3,SNOW WC,2009-10-14 00:00,2009-10-14 00:00,1.6, ,INCHES
HOR,D,3,SNOW WC,2009-10-15 00:00,2009-10-15 00:00,1.4, ,INCHES
HOR,D,3,SNOW WC,2009-10-16 00:00,2009-10-16 00:00,0.9, ,INCHES
HOR,D,3,SNOW WC,2009-10-17 00:00,2009-10-17 00:00,0.3, ,INCHES
HOR,D,3,SNOW WC,2009-10-18 00:00,2009-10-18 00:00,0.2, ,INCHES
HOR,D,3,SNOW WC,2009-10-19 00:00,2009-10-19 00:00,-9999.0, ,INCHES
HOR,D,3,SNOW WC,2009-10-20 00:00,2009-10-20 00:00,0.2, ,INCHES
HOR,D,3,SNOW WC,2009-10-21 00:00,2009-10-21 00:00,0.1, ,INCHES
HOR,D,3,SNOW WC,2009-10-22 00:00,2009-10-22 00:00,0.2, ,INCHES
HOR,D,3,SNOW WC,2009-10-23 00:00,2009-10-23 00:00,0.1, ,INCHES
HOR,D,3,SNOW WC,2009-10-24 00:00,2009-10-24 00:00,0.1, ,INCHES
HOR,D,3,SNOW WC,2009-10-25 00:00,2009-10-25 00:00,0.1, ,INCHES
HOR,D,3,SNOW WC,2009-10-26 00:00,2009-10-26 00:00,0.1, ,INCHES
HOR,D,3,SNOW WC,2009-10-27 00:00,2009-10-27 00:00,0.0, ,INCHES
HOR,D,3,SNOW WC,2009-10-28 00:00,2009-10-28 00:00,-9999.0, ,INCHES
HOR,D,3,SNOW WC,2009-10-29 00:00,2009-10-29 00:00,-0.1, ,INCHES
HOR,D,3,SNOW WC,2009-10-30 00:00,2009-10-30 00:00,0.2, ,INCHES
HOR,D,3,SNOW WC,2009-10-31 00:00,2009-10-31 00:00,0.2, ,INCHES
HOR,D,3,SNOW WC,2009-11-1 00:00,2009-11-1 00:00,-9999.0, ,INCHES
HOR,D,3,SNOW WC,2009-11-2 00:00,2009-11-2 00:00,-9999.0, ,INCHES
HOR,D,3,SNOW WC,2009-11-3 00:00,2009-11-3 00:00,0.2, ,INCHES
HOR,D,3,SNOW WC,2009-11-4 00:00,2009-11-4 00:00,0.1, ,INCHES
HOR,D,3,SNOW WC,2009-11-5 00:00,2009-11-5 00:00,0.1, ,INCHES
HOR,D,3,SNOW WC,2009-11-6 00:00,2009-11-6 00:00,0.1, ,INCHES
HOR,D,3,SNOW WC,2009-11-7 00:00,2009-11-7 00:00,0.1, ,INCHES
HOR,D,3,SNOW WC,2009-11-8 00:00,2009-11-8 00:00,0.0, ,INCHES
HOR,D,3,SNOW WC,2009-11-9 00:00,2009-11-9 00:00,0.1, ,INCHES
HOR,D,3,SNOW WC,2009-11-10 00:00,2009-11-10 00:00,0.2, ,INCHES
HOR,D,3,SNOW WC,2009-11-11 00:00,2009-11-11 00:00,0.2, ,INCHES
HOR,D,3,SNOW WC,2009-11-12 00:00,2009-11-12 00:00,0.2, ,INCHES
HOR,D,3,SNOW WC,2009-11-13 00:00,2009-11-13 00:00,-9999.0, ,INCHES
HOR,D,3,SNOW WC,2009-11-14 00:00,2009-11-14 00:00,0.2, ,INCHES
HOR,D,3,SNOW WC,2009-11-15 00:00,2009-11-15 00:00,0.2, ,INCHES
HOR,D,3,SNOW WC,2009-11-16 00:00,2009-11-16 00:00,0.2, ,INCHES
HOR,D,3,SNOW WC,2009-11-17 00:00,2009-11-17 00:00,0.2, ,INCHES
HOR,D,3,SNOW WC,2009-11-18 00:00,2009-11-18 00:00,0.2, ,INCHES
HOR,D,3,SNOW WC,2009-11-19 00:00,2009-11-19 00:00,0.2, ,INCHES
HOR,D,3,SNOW WC,2009-11-20 00:00,2009-11-20 00:00,0.2, ,INCHES
HOR,D,3,SNOW WC,2009-11-21 00:00,2009-11-21 00:00,0.5, ,INCHES
HOR,D,3,SNOW WC,2009-11-22 00:00,2009-11-22 00:00,0.6, ,INCHES
HOR,D,3,SNOW WC,2009-11-23 00:00,2009-11-23 00:00,0.5, ,INCHES
HOR,D,3,SNOW WC,2009-11-24 00:00,2009-11-24 00:00,0.6, ,INCHES
HOR,D,3,SNOW WC,2009-11-25 00:00,2009-11-25 00:00,0.7, ,INCHES
HOR,D,3,SNOW WC,2009-11-26 00:00,2009-11-26 00:00,0.6, ,INCHES
HOR,D,3,SNOW WC,2009-11-27 00:00,2009-11-27 00:00,0.6, ,INCHES
HOR,D,3,SNOW WC,2009-11-28 00:00,2009-11-28 00:00,1.3, ,INCHES
HOR,D,3,SNOW WC,2009-11-29 00:00,2009-11-29 00:00,1.4, ,INCHES
HOR,D,3,SNOW WC,2009-11-30 00:00,2009-11-30 00:00,1.4, ,INCHES
HOR,D,3,SNOW WC,2009-12-1 00:00,2009-12-1 00:00,1.4, ,INCHES
HOR,D,3,SNOW WC,2009-12-2 00:00,2009-12-2 00:00,1.3, ,INCHES
HOR,D,3,SNOW WC,2009-12-3 00:00,2009-12-3 00:00,1.3, ,INCHES
HOR,D,3,SNOW WC,2009-12-4 00:00,2009-12-4 00:00,1.4, ,INCHES
HOR,D,3,SNOW WC,2009-12-5 00:00,2009-12-5 00:00,1.4, ,INCHES
HOR,D,3,SNOW WC,2009-12-6 00:00,2009-12-6 00:00,1.2, ,INCHES
HOR,D,3,SNOW WC,2009-12-7 00:00,2009-12-7 00:00,1.6, ,INCHES
HOR,D,3,SNOW WC,2009-12-8 00:00,2009-12-8 00:00,2.0, ,INCHES
HOR,D,3,SNOW WC,2009-12-9 00:00,2009-12-9 00:00,2.0, ,INCHES
HOR,D,3,SNOW WC,2009-12-10 00:00,2009-12-10 00:00,2.2, ,INCHES
HOR,D,3,SNOW WC,2009-12-11 00:00,2009-12-11 00:00,2.5, ,INCHES
HOR,D,3,SNOW WC,2009-12-12 00:00,2009-12-12 00:00,2.8, ,INCHES
HOR,D,3,SNOW WC,2009-12-13 00:00,2009-12-13 00:00,4.3, ,INCHES
HOR,D,3,SNOW WC,2009-12-14 00:00,2009-12-14 00:00,4.4, ,INCHES
HOR,D,3,SNOW WC,2009-12-15 00:00,2009-12-15 00:00,4.5, ,INCHES
HOR,D,3,SNOW WC,2009-12-16 00:00,2009-12-16 00:00,4.5, ,INCHES
HOR,D,3,SNOW WC,2009-12-17 00:00,2009-12-17 00:00,-9999.0, ,INCHES
HOR,D,3,SNOW WC,2009-12-18 00:00,2009-12-18 00:00,4.6, ,INCHES
HOR,D,3,SNOW WC,2009-12-19 00:00,2009-12-19 00:00,4.6, ,INCHES
HOR,D,3,SNOW WC,2009-12-20 00:00,2009-12-20 00:00,4.6, ,INCHES
HOR,D,3,SNOW WC,2009-12-21 00:00,2009-12-21 00:00,4.6, ,INCHES
HOR,D,3,SNOW WC,2009-12-22 00:00,2009-12-22 00:00,4.9, ,INCHES
HOR,D,3,SNOW WC,2009-12-23 00:00,2009-12-22 00:00,5.0, ,INCHES
HOR,D,3,SNOW WC,2009-12-24 00:00,2009-12-24 00:00,5.1, ,INCHES
HOR,D,3,SNOW WC,2009-12-25 00:00,2009-12-25 00:00,5.1, ,INCHES
HOR,D,3,SNOW WC,2009-12-26 00:00,2009-12-26 00:00,5.1, ,INCHES
HOR,D,3,SNOW WC,2009-12-27 00:00,2009-12-27 00:00,5.1, ,INCHES
HOR,D,3,SNOW WC,2009-12-28 00:00,2009-12-28 00:00,5.1, ,INCHES
HOR,D,3,SNOW WC,2009-12-29 00:00,2009-12-29 00:00,5.3, ,INCHES
HOR,D,3,SNOW WC,2009-12-30 00:00,2009-12-30 00:00,5.6, ,INCHES
HOR,D,3,SNOW WC,2009-12-31 00:00,2009-12-31 00:00,5.6, ,INCHES
HOR,D,3,SNOW WC,2010-1-1 00:00,2010-1-1 00:00,5.7, ,INCHES
HOR,D,3,SNOW WC,2010-1-2 00:00,2010-1-2 00:00,5.9, ,INCHES
HOR,D,3,SNOW WC,2010-1-3 00:00,2010-1-3 00:00,5.9, ,INCHES
HOR,D,3,SNOW WC,2010-1-4 00:00,2010-1-4 00:00,5.9, ,INCHES
HOR,D,3,SNOW WC,2010-1-5 00:00,2010-1-5 00:00,5.9, ,INCHES
HOR,D,3,SNOW WC,2010-1-6 00:00,2010-1-6 00:00,5.9, ,INCHES
HOR,D,3,SNOW WC,2010-1-7 00:00,2010-1-7 00:00,5.9, ,INCHES
HOR,D,3,SNOW WC,2010-1-8 00:00,2010-1-8 00:00,5.9, ,INCHES
HOR,D,3,SNOW WC,2010-1-9 00:00,2010-1-9 00:00,6.1, ,INCHES
HOR,D,3,SNOW WC,2010-1-10 00:00,2010-1-10 00:00,6.1, ,INCHES
HOR,D,3,SNOW WC,2010-1-11 00:00,2010-1-11 00:00,6.1, ,INCHES
HOR,D,3,SNOW WC,2010-1-12 00:00,2010-1-12 00:00,6.1, ,INCHES
HOR,D,3,SNOW WC,2010-1-13 00:00,2010-1-13 00:00,7.1, ,INCHES
HOR,D,3,SNOW WC,2010-1-14 00:00,2010-1-14 00:00,7.3, ,INCHES
HOR,D,3,SNOW WC,2010-1-15 00:00,2010-1-15 00:00,7.4, ,INCHES
HOR,D,3,SNOW WC,2010-1-16 00:00,2010-1-16 00:00,7.4, ,INCHES
HOR,D,3,SNOW WC,2010-1-17 00:00,2010-1-17 00:00,7.3, ,INCHES
HOR,D,3,SNOW WC,2010-1-18 00:00,2010-1-18 00:00,7.5, ,INCHES
HOR,D,3,SNOW WC,2010-1-19 00:00,2010-1-19 00:00,9.4, ,INCHES
HOR,D,3,SNOW WC,2010-1-20 00:00,2010-1-20 00:00,9.7, ,INCHES
HOR,D,3,SNOW WC,2010-1-21 00:00,2010-1-21 00:00,11.2, ,INCHES
HOR,D,3,SNOW WC,2010-1-22 00:00,2010-1-22 00:00,11.8, ,INCHES
HOR,D,3,SNOW WC,2010-1-23 00:00,2010-1-23 00:00,11.7, ,INCHES
HOR,D,3,SNOW WC,2010-1-24 00:00,2010-1-24 00:00,11.7, ,INCHES
HOR,D,3,SNOW WC,2010-1-25 00:00,2010-1-25 00:00,12.0, ,INCHES
HOR,D,3,SNOW WC,2010-1-26 00:00,2010-1-26 00:00,12.8, ,INCHES
HOR,D,3,SNOW WC,2010-1-27 00:00,2010-1-27 00:00,12.9, ,INCHES
HOR,D,3,SNOW WC,2010-1-28 00:00,2010-1-28 00:00,12.8, ,INCHES
HOR,D,3,SNOW WC,2010-1-29 00:00,2010-1-29 00:00,12.9, ,INCHES
HOR,D,3,SNOW WC,2010-1-30 00:00,2010-1-30 00:00,12.8, ,INCHES
HOR,D,3,SNOW WC,2010-1-31 00:00,2010-1-30 00:00,12.8, ,INCHES
HOR,D,3,SNOW WC,2010-2-1 00:00,2010-2-1 00:00,12.9, ,INCHES
HOR,D,3,SNOW WC,2010-2-2 00:00,2010-2-2 00:00,12.9, ,INCHES
HOR,D,3,SNOW WC,2010-2-3 00:00,2010-2-3 00:00,12.9, ,INCHES
HOR,D,3,SNOW WC,2010-2-4 00:00,2010-2-4 00:00,12.9, ,INCHES
HOR,D,3,SNOW WC,2010-2-5 00:00,2010-2-5 00:00,13.4, ,INCHES
HOR,D,3,SNOW WC,2010-2-6 00:00,2010-2-6 00:00,13.4, ,INCHES
HOR,D,3,SNOW WC,2010-2-7 00:00,2010-2-7 00:00,13.8, ,INCHES
HOR,D,3,SNOW WC,2010-2-8 00:00,2010-2-8 00:00,13.9, ,INCHES
HOR,D,3,SNOW WC,2010-2-9 00:00,2010-2-9 00:00,13.9, ,INCHES
HOR,D,3,SNOW WC,2010-2-10 00:00,2010-2-10 00:00,13.9, ,INCHES
HOR,D,3,SNOW WC,2010-2-11 00:00,2010-2-11 00:00,13.9, ,INCHES
HOR,D,3,SNOW WC,2010-2-12 00:00,2010-2-12 00:00,14.0, ,INCHES
HOR,D,3,SNOW WC,2010-2-13 00:00,2010-2-13 00:00,13.9, ,INCHES
HOR,D,3,SNOW WC,2010-2-14 00:00,2010-2-14 00:00,13.9, ,INCHES
HOR,D,3,SNOW WC,2010-2-15 00:00,2010-2-15 00:00,13.9, ,INCHES
HOR,D,3,SNOW WC,2010-2-16 00:00,2010-2-16 00:00,13.8, ,INCHES
HOR,D,3,SNOW WC,2010-2-17 00:00,2010-2-17 00:00,13.8, ,INCHES
HOR,D,3,SNOW WC,2010-2-18 00:00,2010-2-18 00:00,13.8, ,INCHES
HOR,D,3,SNOW WC,2010-2-19 00:00,2010-2-19 00:00,13.7, ,INCHES
HOR,D,3,SNOW WC,2010-2-20 00:00,2010-2-20 00:00,13.7, ,INCHES
HOR,D,3,SNOW WC,2010-2-21 00:00,2010-2-21 00:00,14.0, ,INCHES
HOR,D,3,SNOW WC,2010-2-22 00:00,2010-2-22 00:00,14.0, ,INCHES
HOR,D,3,SNOW WC,2010-2-23 00:00,2010-2-23 00:00,14.1, ,INCHES
HOR,D,3,SNOW WC,2010-2-24 00:00,2010-2-24 00:00,14.9, ,INCHES
HOR,D,3,SNOW WC,2010-2-25 00:00,2010-2-25 00:00,15.2, ,INCHES
HOR,D,3,SNOW WC,2010-2-26 00:00,2010-2-26 00:00,15.4, ,INCHES
HOR,D,3,SNOW WC,2010-2-27 00:00,2010-2-27 00:00,17.3, ,INCHES
HOR,D,3,SNOW WC,2010-2-28 00:00,2010-2-28 00:00,17.3, ,INCHES
HOR,D,3,SNOW WC,2010-3-1 00:00,2010-3-1 00:00,17.3, ,INCHES
HOR,D,3,SNOW WC,2010-3-2 00:00,2010-3-2 00:00,17.3, ,INCHES
HOR,D,3,SNOW WC,2010-3-3 00:00,2010-3-3 00:00,17.4, ,INCHES
HOR,D,3,SNOW WC,2010-3-4 00:00,2010-3-4 00:00,17.8, ,INCHES
HOR,D,3,SNOW WC,2010-3-5 00:00,2010-3-5 00:00,17.8, ,INCHES
HOR,D,3,SNOW WC,2010-3-6 00:00,2010-3-6 00:00,17.9, ,INCHES
HOR,D,3,SNOW WC,2010-3-7 00:00,2010-3-7 00:00,18.0, ,INCHES
HOR,D,3,SNOW WC,2010-3-8 00:00,2010-3-8 00:00,17.9, ,INCHES
HOR,D,3,SNOW WC,2010-3-9 00:00,2010-3-9 00:00,17.8, ,INCHES
HOR,D,3,SNOW WC,2010-3-10 00:00,2010-3-10 00:00,18.0, ,INCHES
HOR,D,3,SNOW WC,2010-3-11 00:00,2010-3-11 00:00,18.0, ,INCHES
HOR,D,3,SNOW WC,2010-3-12 00:00,2010-3-12 00:00,18.1, ,INCHES
HOR,D,3,SNOW WC,2010-3-13 00:00,2010-3-13 00:00,18.8, ,INCHES
HOR,D,3,SNOW WC,2010-3-14 00:00,2010-3-14 00:00,18.8, ,INCHES
HOR,D,3,SNOW WC,2010-3-15 00:00,2010-3-15 00:00,18.8, ,INCHES
HOR,D,3,SNOW WC,2010-3-16 00:00,2010-3-16 00:00,18.7, ,INCHES
HOR,D,3,SNOW WC,2010-3-17 00:00,2010-3-17 00:00,18.6, ,INCHES
HOR,D,3,SNOW WC,2010-3-18 00:00,2010-3-18 00:00,18.5, ,INCHES
HOR,D,3,SNOW WC,2010-3-19 00:00,2010-3-19 00:00,18.2, ,INCHES
HOR,D,3,SNOW WC,2010-3-20 00:00,2010-3-20 00:00,18.1, ,INCHES
HOR,D,3,SNOW WC,2010-3-21 00:00,2010-3-21 00:00,18.0, ,INCHES
HOR,D,3,SNOW WC,2010-3-22 00:00,2010-3-22 00:00,18.0, ,INCHES
HOR,D,3,SNOW WC,2010-3-23 00:00,2010-3-23 00:00,17.8, ,INCHES
HOR,D,3,SNOW WC,2010-3-24 00:00,2010-3-24 00:00,17.6, ,INCHES
HOR,D,3,SNOW WC,2010-3-25 00:00,2010-3-25 00:00,17.6, ,INCHES
HOR,D,3,SNOW WC,2010-3-26 00:00,2010-3-26 00:00,17.9, ,INCHES
HOR,D,3,SNOW WC,2010-3-27 00:00,2010-3-27 00:00,18.2, ,INCHES
HOR,D,3,SNOW WC,2010-3-28 00:00,2010-3-28 00:00,17.7, ,INCHES
HOR,D,3,SNOW WC,2010-3-29 00:00,2010-3-29 00:00,17.5, ,INCHES
HOR,D,3,SNOW WC,2010-3-30 00:00,2010-3-30 00:00,-9999.0, ,INCHES
HOR,D,3,SNOW WC,2010-3-31 00:00,2010-3-31 00:00,18.8, ,INCHES
HOR,D,3,SNOW WC,2010-4-1 00:00,2010-4-1 00:00,18.9, ,INCHES
HOR,D,3,SNOW WC,2010-4-2 00:00,2010-4-2 00:00,19.1, ,INCHES
HOR,D,3,SNOW WC,2010-4-3 00:00,2010-4-3 00:00,-9999.0, ,INCHES
HOR,D,3,SNOW WC,2010-4-4 00:00,2010-4-4 00:00,19.7, ,INCHES
HOR,D,3,SNOW WC,2010-4-5 00:00,2010-4-5 00:00,20.5, ,INCHES
HOR,D,3,SNOW WC,2010-4-6 00:00,2010-4-6 00:00,21.2, ,INCHES
HOR,D,3,SNOW WC,2010-4-7 00:00,2010-4-7 00:00,21.2, ,INCHES
HOR,D,3,SNOW WC,2010-4-8 00:00,2010-4-8 00:00,-9999.0, ,INCHES
HOR,D,3,SNOW WC,2010-4-9 00:00,2010-4-9 00:00,-9999.0, ,INCHES
HOR,D,3,SNOW WC,2010-4-10 00:00,2010-4-10 00:00,20.6, ,INCHES
HOR,D,3,SNOW WC,2010-4-11 00:00,2010-4-11 00:00,20.5, ,INCHES
HOR,D,3,SNOW WC,2010-4-12 00:00,2010-4-12 00:00,21.1, ,INCHES
HOR,D,3,SNOW WC,2010-4-13 00:00,2010-4-13 00:00,21.1, ,INCHES
HOR,D,3,SNOW WC,2010-4-14 00:00,2010-4-14 00:00,21.3, ,INCHES
HOR,D,3,SNOW WC,2010-4-15 00:00,2010-4-15 00:00,21.3, ,INCHES
HOR,D,3,SNOW WC,2010-4-16 00:00,2010-4-16 00:00,21.2, ,INCHES
HOR,D,3,SNOW WC,2010-4-17 00:00,2010-4-17 00:00,20.9, ,INCHES
HOR,D,3,SNOW WC,2010-4-18 00:00,2010-4-18 00:00,20.6, ,INCHES
HOR,D,3,SNOW WC,2010-4-19 00:00,2010-4-19 00:00,20.1, ,INCHES
HOR,D,3,SNOW WC,2010-4-20 00:00,2010-4-20 00:00,19.7, ,INCHES
HOR,D,3,SNOW WC,2010-4-21 00:00,2010-4-21 00:00,19.8, ,INCHES
HOR,D,3,SNOW WC,2010-4-22 00:00,2010-4-22 00:00,20.5, ,INCHES
HOR,D,3,SNOW WC,2010-4-23 00:00,2010-4-23 00:00,21.0, ,INCHES
HOR,D,3,SNOW WC,2010-4-24 00:00,2010-4-24 00:00,20.8, ,INCHES
HOR,D,3,SNOW WC,2010-4-25 00:00,2010-4-25 00:00,20.5, ,INCHES
HOR,D,3,SNOW WC,2010-4-26 00:00,2010-4-26 00:00,20.4, ,INCHES
HOR,D,3,SNOW WC,2010-4-27 00:00,2010-4-27 00:00,20.2, ,INCHES
HOR,D,3,SNOW WC,2010-4-28 00:00,2010-4-28 00:00,20.6, ,INCHES
HOR,D,3,SNOW WC,2010-4-29 00:00,2010-4-29 00:00,21.1, ,INCHES
HOR,D,3,SNOW WC,2010-4-30 00:00,2010-4-30 00:00,21.4, ,INCHES
HOR,D,3,SNOW WC,2010-5-1 00:00,2010-5-1 00:00,21.4, ,INCHES
HOR,D,3,SNOW WC,2010-5-2 00:00,2010-5-2 00:00,21.4, ,INCHES
HOR,D,3,SNOW WC,2010-5-3 00:00,2010-5-3 00:00,21.2, ,INCHES
HOR,D,3,SNOW WC,2010-5-4 00:00,2010-5-4 00:00,20.8, ,INCHES
HOR,D,3,SNOW WC,2010-5-5 00:00,2010-5-5 00:00,20.3, ,INCHES
HOR,D,3,SNOW WC,2010-5-6 00:00,2010-5-6 00:00,19.7, ,INCHES
HOR,D,3,SNOW WC,2010-5-7 00:00,2010-5-7 00:00,19.4, ,INCHES
HOR,D,3,SNOW WC,2010-5-8 00:00,2010-5-8 00:00,19.1, ,INCHES
HOR,D,3,SNOW WC,2010-5-9 00:00,2010-5-9 00:00,18.8, ,INCHES
HOR,D,3,SNOW WC,2010-5-10 00:00,2010-5-10 00:00,18.5, ,INCHES
HOR,D,3,SNOW WC,2010-5-11 00:00,2010-5-11 00:00,18.9, ,INCHES
HOR,D,3,SNOW WC,2010-5-12 00:00,2010-5-12 00:00,19.1, ,INCHES
HOR,D,3,SNOW WC,2010-5-13 00:00,2010-5-13 00:00,19.2, ,INCHES
HOR,D,3,SNOW WC,2010-5-14 00:00,2010-5-14 00:00,18.8, ,INCHES
HOR,D,3,SNOW WC,2010-5-15 00:00,2010-5-15 00:00,18.3, ,INCHES
HOR,D,3,SNOW WC,2010-5-16 00:00,2010-5-16 00:00,-9999.0, ,INCHES
HOR,D,3,SNOW WC,2010-5-17 00:00,2010-5-17 00:00,16.3, ,INCHES
HOR,D,3,SNOW WC,2010-5-18 00:00,2010-5-18 00:00,15.9, ,INCHES
HOR,D,3,SNOW WC,2010-5-19 00:00,2010-5-19 00:00,15.4, ,INCHES
HOR,D,3,SNOW WC,2010-5-20 00:00,2010-5-20 00:00,15.4, ,INCHES
HOR,D,3,SNOW WC,2010-5-21 00:00,2010-5-21 00:00,14.9, ,INCHES
HOR,D,3,SNOW WC,2010-5-22 00:00,2010-5-22 00:00,13.9, ,INCHES
HOR,D,3,SNOW WC,2010-5-23 00:00,2010-5-23 00:00,14.3, ,INCHES
HOR,D,3,SNOW WC,2010-5-24 00:00,2010-5-24 00:00,14.7, ,INCHES
HOR,D,3,SNOW WC,2010-5-25 00:00,2010-5-25 00:00,15.2, ,INCHES
HOR,D,3,SNOW WC,2010-5-26 00:00,2010-5-26 00:00,14.4, ,INCHES
HOR,D,3,SNOW WC,2010-5-27 00:00,2010-5-27 00:00,14.4, ,INCHES
HOR,D,3,SNOW WC,2010-5-28 00:00,2010-5-28 00:00,14.5, ,INCHES
HOR,D,3,SNOW WC,2010-5-29 00:00,2010-5-29 00:00,14.9, ,INCHES
HOR,D,3,SNOW WC,2010-5-30 00:00,2010-5-30 00:00,14.6, ,INCHES
HOR,D,3,SNOW WC,2010-5-31 00:00,2010-5-31 00:00,13.4, ,INCHES
HOR,D,3,SNOW WC,2010-6-1 00:00,2010-6-1 00:00,12.3, ,INCHES
HOR,D,3,SNOW WC,2010-6-2 00:00,2010-6-2 00:00,11.6, ,INCHES
HOR,D,3,SNOW WC,2010-6-3 00:00,2010-6-3 00:00,10.6, ,INCHES
HOR,D,3,SNOW WC,2010-6-4 00:00,2010-6-4 00:00,9.6, ,INCHES
HOR,D,3,SNOW WC,2010-6-5 00:00,2010-6-5 00:00,8.7, ,INCHES
HOR,D,3,SNOW WC,2010-6-6 00:00,2010-6-6 00:00,7.2, ,INCHES
HOR,D,3,SNOW WC,2010-6-7 00:00,2010-6-7 00:00,5.8, ,INCHES
HOR,D,3,SNOW WC,2010-6-8 00:00,2010-6-8 00:00,4.3, ,INCHES
HOR,D,3,SNOW WC,2010-6-9 00:00,2010-6-9 00:00,3.0, ,INCHES
HOR,D,3,SNOW WC,2010-6-10 00:00,2010-6-10 00:00,2.1, ,INCHES
HOR,D,3,SNOW WC,2010-6-11 00:00,2010-6-11 00:00,1.7, ,INCHES
HOR,D,3,SNOW WC,2010-6-12 00:00,2010-6-12 00:00,1.3, ,INCHES
HOR,D,3,SNOW WC,2010-6-13 00:00,2010-6-13 00:00,0.7, ,INCHES
HOR,D,3,SNOW WC,2010-6-14 00:00,2010-6-14 00:00,0.2, ,INCHES
HOR,D,3,SNOW WC,2010-6-15 00:00,2010-6-15 00:00,0.0, ,INCHES
HOR,D,3,SNOW WC,2010-6-16 00:00,2010-6-16 00:00,0.0, ,INCHES
HOR,D,3,SNOW WC,2010-6-17 00:00,2010-6-17 00:00,-0.1, ,INCHES
HOR,D,3,SNOW WC,2010-6-18 00:00,2010-6-18 00:00,0.0, ,INCHES
HOR,D,3,SNOW WC,2010-6-19 00:00,2010-6-19 00:00,-0.1, ,INCHES
HOR,D,3,SNOW WC,2010-6-20 00:00,2010-6-20 00:00,-0.1, ,INCHES
HOR,D,3,SNOW WC,2010-6-21 00:00,2010-6-21 00:00,-0.1, ,INCHES
HOR,D,3,SNOW WC,2010-6-22 00:00,2010-6-22 00:00,0.0, ,INCHES
HOR,D,3,SNOW WC,2010-6-23 00:00,2010-6-23 00:00,-0.1, ,INCHES
HOR,D,3,SNOW WC,2010-6-24 00:00,2010-6-24 00:00,0.0, ,INCHES
HOR,D,3,SNOW WC,2010-6-25 00:00,2010-6-25 00:00,0.0, ,INCHES
HOR,D,3,SNOW WC,2010-6-26 00:00,2010-6-26 00:00,0.1, ,INCHES
HOR,D,3,SNOW WC,2010-6-27 00:00,2010-6-27 00:00,0.0, ,INCHES
HOR,D,3,SNOW WC,2010-6-28 00:00,2010-6-28 00:00,-0.1, ,INCHES
HOR,D,3,SNOW WC,2010-6-29 00:00,2010-6-29 00:00,-0.1, ,INCHES
HOR,D,3,SNOW WC,2010-6-30 00:00,2010-6-30 00:00,-0.1, ,INCHES
HOR,D,3,SNOW WC,2010-7-1 00:00,2010-7-1 00:00,-0.1, ,INCHES
HOR,D,3,SNOW WC,2010-7-2 00:00,2010-7-2 00:00,-0.1, ,INCHES
HOR,D,3,SNOW WC,2010-7-3 00:00,2010-7-3 00:00,-0.1, ,INCHES
HOR,D,3,SNOW WC,2010-7-4 00:00,2010-7-4 00:00,-9999.0, ,INCHES
HOR,D,3,SNOW WC,2010-7-5 00:00,2010-7-5 00:00,-0.1, ,INCHES
HOR,D,3,SNOW WC,2010-7-6 00:00,2010-7-6 00:00,-0.1, ,INCHES
HOR,D,3,SNOW WC,2010-7-7 00:00,2010-7-7 00:00,0.0, ,INCHES
HOR,D,3,SNOW WC,2010-7-8 00:00,2010-7-8 00:00,-0.1, ,INCHES
HOR,D,3,SNOW WC,2010-7-9 00:00,2010-7-9 00:00,-0.1, ,INCHES
HOR,D,3,SNOW WC,2010-7-10 00:00,2010-7-10 00:00,-0.1, ,INCHES
HOR,D,3,SNOW WC,2010-7-11 00:00,2010-7-11 00:00,-0.1, ,INCHES
HOR,D,3,SNOW WC,2010-7-12 00:00,2010-7-12 00:00,-0.1, ,INCHES
HOR,D,3,SNOW WC,2010-7-13 00:00,2010-7-12 00:00,-0.3, ,INCHES
HOR,D,3,SNOW WC,2010-7-14 00:00,2010-7-14 00:00,-0.2, ,INCHES
HOR,D,3,SNOW WC,2010-7-15 00:00,2010-7-15 00:00,-0.1, ,INCHES
HOR,D,3,SNOW WC,2010-7-16 00:00,2010-7-16 00:00,-0.3, ,INCHES
HOR,D,3,SNOW WC,2010-7-17 00:00,2010-7-17 00:00,-0.1, ,INCHES
HOR,D,3,SNOW WC,2010-7-18 00:00,2010-7-18 00:00,-0.2, ,INCHES
HOR,D,3,SNOW WC,2010-7-19 00:00,2010-7-19 00:00,-0.1, ,INCHES
HOR,D,3,SNOW WC,2010-7-20 00:00,2010-7-20 00:00,-0.2, ,INCHES
HOR,D,3,SNOW WC,2010-7-21 00:00,2010-7-21 00:00,-0.2, ,INCHES
HOR,D,18,SNOW DP,2009-10-1 00:00,2009-10-1 00:00,-1.0, ,INCHES
HOR,D,18,SNOW DP,2009-10-2 00:00,2009-10-2 00:00,-1.0, ,INCHES
HOR,D,18,SNOW DP,2009-10-3 00:00,2009-10-3 00:00,-1.0, ,INCHES
HOR,D,18,SNOW DP,2009-10-4 00:00,2009-10-4 00:00,0.0, ,INCHES
HOR,D,18,SNOW DP,2009-10-5 00:00,2009-10-5 00:00,0.0, ,INCHES
HOR,D,18,SNOW DP,2009-10-6 00:00,2009-10-6 00:00,-1.0, ,INCHES
HOR,D,18,SNOW DP,2009-10-7 00:00,2009-10-7 00:00,-1.0, ,INCHES
HOR,D,18,SNOW DP,2009-10-8 00:00,2009-10-8 00:00,-1.0, ,INCHES
HOR,D,18,SNOW DP,2009-10-9 00:00,2009-10-9 00:00,-1.0, ,INCHES
HOR,D,18,SNOW DP,2009-10-10 00:00,2009-10-10 00:00,-1.0, ,INCHES
HOR,D,18,SNOW DP,2009-10-11 00:00,2009-10-11 00:00,-1.0, ,INCHES
HOR,D,18,SNOW DP,2009-10-12 00:00,2009-10-12 00:00,-1.0, ,INCHES
HOR,D,18,SNOW DP,2009-10-13 00:00,2009-10-13 00:00,5.0, ,INCHES
HOR,D,18,SNOW DP,2009-10-14 00:00,2009-10-14 00:00,4.0, ,INCHES
HOR,D,18,SNOW DP,2009-10-15 00:00,2009-10-15 00:00,2.0, ,INCHES
HOR,D,18,SNOW DP,2009-10-16 00:00,2009-10-16 00:00,1.0, ,INCHES
HOR,D,18,SNOW DP,2009-10-17 00:00,2009-10-17 00:00,-1.0, ,INCHES
HOR,D,18,SNOW DP,2009-10-18 00:00,2009-10-18 00:00,-1.0, ,INCHES
HOR,D,18,SNOW DP,2009-10-19 00:00,2009-10-19 00:00,-1.0, ,INCHES
HOR,D,18,SNOW DP,2009-10-20 00:00,2009-10-20 00:00,0.0, ,INCHES
HOR,D,18,SNOW DP,2009-10-21 00:00,2009-10-21 00:00,-1.0, ,INCHES
HOR,D,18,SNOW DP,2009-10-22 00:00,2009-10-22 00:00,0.0, ,INCHES
HOR,D,18,SNOW DP,2009-10-23 00:00,2009-10-23 00:00,-1.0, ,INCHES
HOR,D,18,SNOW DP,2009-10-24 00:00,2009-10-24 00:00,-1.0, ,INCHES
HOR,D,18,SNOW DP,2009-10-25 00:00,2009-10-25 00:00,-1.0, ,INCHES
HOR,D,18,SNOW DP,2009-10-26 00:00,2009-10-26 00:00,-1.0, ,INCHES
HOR,D,18,SNOW DP,2009-10-27 00:00,2009-10-27 00:00,-1.0, ,INCHES
HOR,D,18,SNOW DP,2009-10-28 00:00,2009-10-28 00:00,-1.0, ,INCHES
HOR,D,18,SNOW DP,2009-10-29 00:00,2009-10-29 00:00,0.0, ,INCHES
HOR,D,18,SNOW DP,2009-10-30 00:00,2009-10-30 00:00,-1.0, ,INCHES
HOR,D,18,SNOW DP,2009-10-31 00:00,2009-10-31 00:00,-1.0, ,INCHES
HOR,D,18,SNOW DP,2009-11-1 00:00,,-9999.0, ,INCHES
HOR,D,18,SNOW DP,2009-11-2 00:00,,-9999.0, ,INCHES
HOR,D,18,SNOW DP,2009-11-3 00:00,2009-11-3 00:00,-2.0, ,INCHES
HOR,D,18,SNOW DP,2009-11-4 00:00,2009-11-4 00:00,-1.0, ,INCHES
HOR,D,18,SNOW DP,2009-11-5 00:00,2009-11-5 00:00,-1.0, ,INCHES
HOR,D,18,SNOW DP,2009-11-6 00:00,2009-11-6 00:00,-1.0, ,INCHES
HOR,D,18,SNOW DP,2009-11-7 00:00,2009-11-7 00:00,-1.0, ,INCHES
HOR,D,18,SNOW DP,2009-11-8 00:00,2009-11-8 00:00,-1.0, ,INCHES
HOR,D,18,SNOW DP,2009-11-9 00:00,2009-11-9 00:00,-1.0, ,INCHES
HOR,D,18,SNOW DP,2009-11-10 00:00,2009-11-10 00:00,-1.0, ,INCHES
HOR,D,18,SNOW DP,2009-11-11 00:00,2009-11-11 00:00,-1.0, ,INCHES
HOR,D,18,SNOW DP,2009-11-12 00:00,2009-11-12 00:00,0.0, ,INCHES
HOR,D,18,SNOW DP,2009-11-13 00:00,,-9999.0, ,INCHES
HOR,D,18,SNOW DP,2009-11-14 00:00,2009-11-14 00:00,-1.0, ,INCHES
HOR,D,18,SNOW DP,2009-11-15 00:00,2009-11-15 00:00,-1.0, ,INCHES
HOR,D,18,SNOW DP,2009-11-16 00:00,2009-11-16 00:00,-1.0, ,INCHES
HOR,D,18,SNOW DP,2009-11-17 00:00,2009-11-17 00:00,-1.0, ,INCHES
HOR,D,18,SNOW DP,2009-11-18 00:00,2009-11-18 00:00,-1.0, ,INCHES
HOR,D,18,SNOW DP,2009-11-19 00:00,2009-11-19 00:00,-1.0, ,INCHES
HOR,D,18,SNOW DP,2009-11-20 00:00,2009-11-20 00:00,-1.0, ,INCHES
HOR,D,18,SNOW DP,2009-11-21 00:00,2009-11-21 00:00,3.0, ,INCHES
HOR,D,18,SNOW DP,2009-11-22 00:00,2009-11-22 00:00,2.0, ,INCHES
HOR,D,18,SNOW DP,2009-11-23 00:00,2009-11-23 00:00,1.0, ,INCHES
HOR,D,18,SNOW DP,2009-11-24 00:00,2009-11-24 00:00,1.0, ,INCHES
HOR,D,18,SNOW DP,2009-11-25 00:00,2009-11-25 00:00,0.0, ,INCHES
HOR,D,18,SNOW DP,2009-11-26 00:00,2009-11-26 00:00,-1.0, ,INCHES
HOR,D,18,SNOW DP,2009-11-27 00:00,2009-11-27 00:00,-1.0, ,INCHES
HOR,D,18,SNOW DP,2009-11-28 00:00,2009-11-28 00:00,5.0, ,INCHES
HOR,D,18,SNOW DP,2009-11-29 00:00,2009-11-29 00:00,5.0, ,INCHES
HOR,D,18,SNOW DP,2009-11-30 00:00,2009-11-30 00:00,4.0, ,INCHES
HOR,D,18,SNOW DP,2009-12-1 00:00,2009-12-1 00:00,4.0, ,INCHES
HOR,D,18,SNOW DP,2009-12-2 00:00,2009-12-2 00:00,3.0, ,INCHES
HOR,D,18,SNOW DP,2009-12-3 00:00,2009-12-3 00:00,3.0, ,INCHES
HOR,D,18,SNOW DP,2009-12-4 00:00,2009-12-4 00:00,3.0, ,INCHES
HOR,D,18,SNOW DP,2009-12-5 00:00,2009-12-5 00:00,3.0, ,INCHES
HOR,D,18,SNOW DP,2009-12-6 00:00,2009-12-6 00:00,3.0, ,INCHES
HOR,D,18,SNOW DP,2009-12-7 00:00,2009-12-7 00:00,8.0, ,INCHES
HOR,D,18,SNOW DP,2009-12-8 00:00,2009-12-8 00:00,13.0, ,INCHES
HOR,D,18,SNOW DP,2009-12-9 00:00,2009-12-9 00:00,11.0, ,INCHES
HOR,D,18,SNOW DP,2009-12-10 00:00,2009-12-10 00:00,9.0, ,INCHES
HOR,D,18,SNOW DP,2009-12-11 00:00,2009-12-11 00:00,7.0, ,INCHES
HOR,D,18,SNOW DP,2009-12-12 00:00,2009-12-12 00:00,13.0, ,INCHES
HOR,D,18,SNOW DP,2009-12-13 00:00,2009-12-13 00:00,25.0, ,INCHES
HOR,D,18,SNOW DP,2009-12-14 00:00,2009-12-14 00:00,25.0, ,INCHES
HOR,D,18,SNOW DP,2009-12-15 00:00,2009-12-15 00:00,22.0, ,INCHES
HOR,D,18,SNOW DP,2009-12-16 00:00,2009-12-16 00:00,21.0, ,INCHES
HOR,D,18,SNOW DP,2009-12-17 00:00,2009-12-17 00:00,20.0, ,INCHES
HOR,D,18,SNOW DP,2009-12-18 00:00,2009-12-18 00:00,18.0, ,INCHES
HOR,D,18,SNOW DP,2009-12-19 00:00,2009-12-19 00:00,18.0, ,INCHES
HOR,D,18,SNOW DP,2009-12-20 00:00,2009-12-20 00:00,17.0, ,INCHES
HOR,D,18,SNOW DP,2009-12-21 00:00,2009-12-21 00:00,17.0, ,INCHES
HOR,D,18,SNOW DP,2009-12-22 00:00,2009-12-22 00:00,21.0, ,INCHES
HOR,D,18,SNOW DP,2009-12-23 00:00,2009-12-22 00:00,23.0, ,INCHES
HOR,D,18,SNOW DP,2009-12-24 00:00,2009-12-24 00:00,20.0, ,INCHES
HOR,D,18,SNOW DP,2009-12-25 00:00,2009-12-25 00:00,20.0, ,INCHES
HOR,D,18,SNOW DP,2009-12-26 00:00,2009-12-26 00:00,19.0, ,INCHES
HOR,D,18,SNOW DP,2009-12-27 00:00,2009-12-27 00:00,19.0, ,INCHES
HOR,D,18,SNOW DP,2009-12-28 00:00,2009-12-28 00:00,19.0, ,INCHES
HOR,D,18,SNOW DP,2009-12-29 00:00,2009-12-29 00:00,20.0, ,INCHES
HOR,D,18,SNOW DP,2009-12-30 00:00,2009-12-30 00:00,21.0, ,INCHES
HOR,D,18,SNOW DP,2009-12-31 00:00,2009-12-31 00:00,21.0, ,INCHES
HOR,D,18,SNOW DP,2010-1-1 00:00,2010-1-1 00:00,20.0, ,INCHES
HOR,D,18,SNOW DP,2010-1-2 00:00,2010-1-2 00:00,21.0, ,INCHES
HOR,D,18,SNOW DP,2010-1-3 00:00,2010-1-3 00:00,21.0, ,INCHES
HOR,D,18,SNOW DP,2010-1-4 00:00,2010-1-4 00:00,20.0, ,INCHES
HOR,D,18,SNOW DP,2010-1-5 00:00,2010-1-5 00:00,20.0, ,INCHES
HOR,D,18,SNOW DP,2010-1-6 00:00,2010-1-6 00:00,19.0, ,INCHES
HOR,D,18,SNOW DP,2010-1-7 00:00,2010-1-7 00:00,19.0, ,INCHES
HOR,D,18,SNOW DP,2010-1-8 00:00,2010-1-8 00:00,18.0, ,INCHES
HOR,D,18,SNOW DP,2010-1-9 00:00,2010-1-9 00:00,18.0, ,INCHES
HOR,D,18,SNOW DP,2010-1-10 00:00,2010-1-10 00:00,18.0, ,INCHES
HOR,D,18,SNOW DP,2010-1-11 00:00,2010-1-11 00:00,18.0, ,INCHES
HOR,D,18,SNOW DP,2010-1-12 00:00,2010-1-12 00:00,18.0, ,INCHES
HOR,D,18,SNOW DP,2010-1-13 00:00,,-9999.0, ,INCHES
HOR,D,18,SNOW DP,2010-1-14 00:00,2010-1-14 00:00,27.0, ,INCHES
HOR,D,18,SNOW DP,2010-1-15 00:00,2010-1-15 00:00,26.0, ,INCHES
HOR,D,18,SNOW DP,2010-1-16 00:00,2010-1-16 00:00,25.0, ,INCHES
HOR,D,18,SNOW DP,2010-1-17 00:00,2010-1-17 00:00,25.0, ,INCHES
HOR,D,18,SNOW DP,2010-1-18 00:00,2010-1-18 00:00,25.0, ,INCHES
HOR,D,18,SNOW DP,2010-1-19 00:00,2010-1-19 00:00,43.0, ,INCHES
HOR,D,18,SNOW DP,2010-1-20 00:00,2010-1-20 00:00,42.0, ,INCHES
HOR,D,18,SNOW DP,2010-1-21 00:00,2010-1-21 00:00,52.0, ,INCHES
HOR,D,18,SNOW DP,2010-1-22 00:00,2010-1-22 00:00,53.0, ,INCHES
HOR,D,18,SNOW DP,2010-1-23 00:00,2010-1-23 00:00,50.0, ,INCHES
HOR,D,18,SNOW DP,2010-1-24 00:00,2010-1-24 00:00,50.0, ,INCHES
HOR,D,18,SNOW DP,2010-1-25 00:00,2010-1-25 00:00,50.0, ,INCHES
HOR,D,18,SNOW DP,2010-1-26 00:00,2010-1-26 00:00,54.0, ,INCHES
HOR,D,18,SNOW DP,2010-1-27 00:00,2010-1-27 00:00,53.0, ,INCHES
HOR,D,18,SNOW DP,2010-1-28 00:00,2010-1-28 00:00,51.0, ,INCHES
HOR,D,18,SNOW DP,2010-1-29 00:00,2010-1-29 00:00,49.0, ,INCHES
HOR,D,18,SNOW DP,2010-1-30 00:00,2010-1-30 00:00,48.0, ,INCHES
HOR,D,18,SNOW DP,2010-1-31 00:00,2010-1-30 00:00,48.0, ,INCHES
HOR,D,18,SNOW DP,2010-2-1 00:00,2010-2-1 00:00,46.0, ,INCHES
HOR,D,18,SNOW DP,2010-2-2 00:00,2010-2-2 00:00,45.0, ,INCHES
HOR,D,18,SNOW DP,2010-2-3 00:00,2010-2-3 00:00,45.0, ,INCHES
HOR,D,18,SNOW DP,2010-2-4 00:00,2010-2-4 00:00,44.0, ,INCHES
HOR,D,18,SNOW DP,2010-2-5 00:00,2010-2-5 00:00,47.0, ,INCHES
HOR,D,18,SNOW DP,2010-2-6 00:00,2010-2-6 00:00,46.0, ,INCHES
HOR,D,18,SNOW DP,2010-2-7 00:00,2010-2-7 00:00,51.0, ,INCHES
HOR,D,18,SNOW DP,2010-2-8 00:00,2010-2-8 00:00,49.0, ,INCHES
HOR,D,18,SNOW DP,2010-2-9 00:00,2010-2-9 00:00,47.0, ,INCHES
HOR,D,18,SNOW DP,2010-2-10 00:00,2010-2-10 00:00,46.0, ,INCHES
HOR,D,18,SNOW DP,2010-2-11 00:00,2010-2-11 00:00,45.0, ,INCHES
HOR,D,18,SNOW DP,2010-2-12 00:00,2010-2-12 00:00,45.0, ,INCHES
HOR,D,18,SNOW DP,2010-2-13 00:00,2010-2-13 00:00,45.0, ,INCHES
HOR,D,18,SNOW DP,2010-2-14 00:00,2010-2-14 00:00,43.0, ,INCHES
HOR,D,18,SNOW DP,2010-2-15 00:00,2010-2-15 00:00,42.0, ,INCHES
HOR,D,18,SNOW DP,2010-2-16 00:00,2010-2-16 00:00,41.0, ,INCHES
HOR,D,18,SNOW DP,2010-2-17 00:00,2010-2-17 00:00,40.0, ,INCHES
HOR,D,18,SNOW DP,2010-2-18 00:00,2010-2-18 00:00,39.0, ,INCHES
HOR,D,18,SNOW DP,2010-2-19 00:00,2010-2-19 00:00,37.0, ,INCHES
HOR,D,18,SNOW DP,2010-2-20 00:00,2010-2-20 00:00,37.0, ,INCHES
HOR,D,18,SNOW DP,2010-2-21 00:00,2010-2-21 00:00,43.0, ,INCHES
HOR,D,18,SNOW DP,2010-2-22 00:00,2010-2-22 00:00,42.0, ,INCHES
HOR,D,18,SNOW DP,2010-2-23 00:00,2010-2-23 00:00,41.0, ,INCHES
HOR,D,18,SNOW DP,2010-2-24 00:00,2010-2-24 00:00,47.0, ,INCHES
HOR,D,18,SNOW DP,2010-2-25 00:00,2010-2-25 00:00,51.0, ,INCHES
HOR,D,18,SNOW DP,2010-2-26 00:00,2010-2-26 00:00,49.0, ,INCHES
HOR,D,18,SNOW DP,2010-2-27 00:00,2010-2-27 00:00,66.0, ,INCHES
HOR,D,18,SNOW DP,2010-2-28 00:00,2010-2-28 00:00,64.0, ,INCHES
HOR,D,18,SNOW DP,2010-3-1 00:00,2010-3-1 00:00,60.0, ,INCHES
HOR,D,18,SNOW DP,2010-3-2 00:00,2010-3-2 00:00,58.0, ,INCHES
HOR,D,18,SNOW DP,2010-3-3 00:00,2010-3-3 00:00,59.0, ,INCHES
HOR,D,18,SNOW DP,2010-3-4 00:00,2010-3-4 00:00,62.0, ,INCHES
HOR,D,18,SNOW DP,2010-3-5 00:00,2010-3-5 00:00,58.0, ,INCHES
HOR,D,18,SNOW DP,2010-3-6 00:00,2010-3-6 00:00,58.0, ,INCHES
HOR,D,18,SNOW DP,2010-3-7 00:00,2010-3-7 00:00,56.0, ,INCHES
HOR,D,18,SNOW DP,2010-3-8 00:00,2010-3-8 00:00,56.0, ,INCHES
HOR,D,18,SNOW DP,2010-3-9 00:00,2010-3-9 00:00,53.0, ,INCHES
HOR,D,18,SNOW DP,2010-3-10 00:00,2010-3-10 00:00,56.0, ,INCHES
HOR,D,18,SNOW DP,2010-3-11 00:00,2010-3-11 00:00,56.0, ,INCHES
HOR,D,18,SNOW DP,2010-3-12 00:00,2010-3-12 00:00,54.0, ,INCHES
HOR,D,18,SNOW DP,2010-3-13 00:00,2010-3-13 00:00,60.0, ,INCHES
HOR,D,18,SNOW DP,2010-3-14 00:00,2010-3-14 00:00,60.0, ,INCHES
HOR,D,18,SNOW DP,2010-3-15 00:00,2010-3-15 00:00,57.0, ,INCHES
HOR,D,18,SNOW DP,2010-3-16 00:00,2010-3-16 00:00,54.0, ,INCHES
HOR,D,18,SNOW DP,2010-3-17 00:00,2010-3-17 00:00,52.0, ,INCHES
HOR,D,18,SNOW DP,2010-3-18 00:00,2010-3-18 00:00,51.0, ,INCHES
HOR,D,18,SNOW DP,2010-3-19 00:00,2010-3-19 00:00,50.0, ,INCHES
HOR,D,18,SNOW DP,2010-3-20 00:00,2010-3-20 00:00,49.0, ,INCHES
HOR,D,18,SNOW DP,2010-3-21 00:00,2010-3-21 00:00,48.0, ,INCHES
HOR,D,18,SNOW DP,2010-3-22 00:00,2010-3-22 00:00,48.0, ,INCHES
HOR,D,18,SNOW DP,2010-3-23 00:00,2010-3-23 00:00,47.0, ,INCHES
HOR,D,18,SNOW DP,2010-3-24 00:00,2010-3-24 00:00,46.0, ,INCHES
HOR,D,18,SNOW DP,2010-3-25 00:00,2010-3-25 00:00,47.0, ,INCHES
HOR,D,18,SNOW DP,2010-3-26 00:00,2010-3-26 00:00,47.0, ,INCHES
HOR,D,18,SNOW DP,2010-3-27 00:00,2010-3-27 00:00,46.0, ,INCHES
HOR,D,18,SNOW DP,2010-3-28 00:00,2010-3-28 00:00,45.0, ,INCHES
HOR,D,18,SNOW DP,2010-3-29 00:00,2010-3-29 00:00,43.0, ,INCHES
HOR,D,18,SNOW DP,2010-3-30 00:00,,-9999.0, ,INCHES
HOR,D,18,SNOW DP,2010-3-31 00:00,,-9999.0, ,INCHES
HOR,D,18,SNOW DP,2010-4-1 00:00,2010-4-1 00:00,54.0, ,INCHES
HOR,D,18,SNOW DP,2010-4-2 00:00,2010-4-2 00:00,53.0, ,INCHES
HOR,D,18,SNOW DP,2010-4-3 00:00,,-9999.0, ,INCHES
HOR,D,18,SNOW DP,2010-4-4 00:00,2010-4-4 00:00,54.0, ,INCHES
HOR,D,18,SNOW DP,2010-4-5 00:00,2010-4-5 00:00,58.0, ,INCHES
HOR,D,18,SNOW DP,2010-4-6 00:00,2010-4-6 00:00,65.0, ,INCHES
HOR,D,18,SNOW DP,2010-4-7 00:00,2010-4-7 00:00,60.0, ,INCHES
HOR,D,18,SNOW DP,2010-4-8 00:00,,-9999.0, ,INCHES
HOR,D,18,SNOW DP,2010-4-9 00:00,,-9999.0, ,INCHES
HOR,D,18,SNOW DP,2010-4-10 00:00,2010-4-10 00:00,52.0, ,INCHES
HOR,D,18,SNOW DP,2010-4-11 00:00,2010-4-11 00:00,52.0, ,INCHES
HOR,D,18,SNOW DP,2010-4-12 00:00,2010-4-12 00:00,57.0, ,INCHES
HOR,D,18,SNOW DP,2010-4-13 00:00,2010-4-13 00:00,56.0, ,INCHES
HOR,D,18,SNOW DP,2010-4-14 00:00,2010-4-14 00:00,55.0, ,INCHES
HOR,D,18,SNOW DP,2010-4-15 00:00,2010-4-15 00:00,54.0, ,INCHES
HOR,D,18,SNOW DP,2010-4-16 00:00,2010-4-16 00:00,52.0, ,INCHES
HOR,D,18,SNOW DP,2010-4-17 00:00,2010-4-17 00:00,50.0, ,INCHES
HOR,D,18,SNOW DP,2010-4-18 00:00,2010-4-18 00:00,50.0, ,INCHES
HOR,D,18,SNOW DP,2010-4-19 00:00,2010-4-19 00:00,48.0, ,INCHES
HOR,D,18,SNOW DP,2010-4-20 00:00,2010-4-20 00:00,46.0, ,INCHES
HOR,D,18,SNOW DP,2010-4-21 00:00,2010-4-21 00:00,48.0, ,INCHES
HOR,D,18,SNOW DP,2010-4-22 00:00,2010-4-22 00:00,57.0, ,INCHES
HOR,D,18,SNOW DP,2010-4-23 00:00,2010-4-23 00:00,58.0, ,INCHES
HOR,D,18,SNOW DP,2010-4-24 00:00,2010-4-24 00:00,54.0, ,INCHES
HOR,D,18,SNOW DP,2010-4-25 00:00,2010-4-25 00:00,51.0, ,INCHES
HOR,D,18,SNOW DP,2010-4-26 00:00,2010-4-26 00:00,49.0, ,INCHES
HOR,D,18,SNOW DP,2010-4-27 00:00,2010-4-27 00:00,47.0, ,INCHES
HOR,D,18,SNOW DP,2010-4-28 00:00,2010-4-28 00:00,53.0, ,INCHES
HOR,D,18,SNOW DP,2010-4-29 00:00,2010-4-29 00:00,60.0, ,INCHES
HOR,D,18,SNOW DP,2010-4-30 00:00,2010-4-30 00:00,55.0, ,INCHES
HOR,D,18,SNOW DP,2010-5-1 00:00,2010-5-1 00:00,53.0, ,INCHES
HOR,D,18,SNOW DP,2010-5-2 00:00,2010-5-2 00:00,51.0, ,INCHES
HOR,D,18,SNOW DP,2010-5-3 00:00,2010-5-3 00:00,50.0, ,INCHES
HOR,D,18,SNOW DP,2010-5-4 00:00,2010-5-4 00:00,49.0, ,INCHES
HOR,D,18,SNOW DP,2010-5-5 00:00,2010-5-5 00:00,47.0, ,INCHES
HOR,D,18,SNOW DP,2010-5-6 00:00,2010-5-6 00:00,47.0, ,INCHES
HOR,D,18,SNOW DP,2010-5-7 00:00,2010-5-7 00:00,46.0, ,INCHES
HOR,D,18,SNOW DP,2010-5-8 00:00,2010-5-8 00:00,44.0, ,INCHES
HOR,D,18,SNOW DP,2010-5-9 00:00,2010-5-9 00:00,42.0, ,INCHES
HOR,D,18,SNOW DP,2010-5-10 00:00,2010-5-10 00:00,43.0, ,INCHES
HOR,D,18,SNOW DP,2010-5-11 00:00,2010-5-11 00:00,51.0, ,INCHES
HOR,D,18,SNOW DP,2010-5-12 00:00,2010-5-12 00:00,45.0, ,INCHES
HOR,D,18,SNOW DP,2010-5-13 00:00,2010-5-13 00:00,43.0, ,INCHES
HOR,D,18,SNOW DP,2010-5-14 00:00,2010-5-14 00:00,42.0, ,INCHES
HOR,D,18,SNOW DP,2010-5-15 00:00,2010-5-15 00:00,40.0, ,INCHES
HOR,D,18,SNOW DP,2010-5-16 00:00,,-9999.0, ,INCHES
HOR,D,18,SNOW DP,2010-5-17 00:00,2010-5-17 00:00,37.0, ,INCHES
HOR,D,18,SNOW DP,2010-5-18 00:00,2010-5-18 00:00,37.0, ,INCHES
HOR,D,18,SNOW DP,2010-5-19 00:00,2010-5-19 00:00,34.0, ,INCHES
HOR,D,18,SNOW DP,2010-5-20 00:00,2010-5-20 00:00,34.0, ,INCHES
HOR,D,18,SNOW DP,2010-5-21 00:00,2010-5-21 00:00,33.0, ,INCHES
HOR,D,18,SNOW DP,2010-5-22 00:00,,-9999.0, ,INCHES
HOR,D,18,SNOW DP,2010-5-23 00:00,2010-5-23 00:00,38.0, ,INCHES
HOR,D,18,SNOW DP,2010-5-24 00:00,2010-5-24 00:00,35.0, ,INCHES
HOR,D,18,SNOW DP,2010-5-25 00:00,2010-5-25 00:00,34.0, ,INCHES
HOR,D,18,SNOW DP,2010-5-26 00:00,2010-5-26 00:00,33.0, ,INCHES
HOR,D,18,SNOW DP,2010-5-27 00:00,2010-5-27 00:00,33.0, ,INCHES
HOR,D,18,SNOW DP,2010-5-28 00:00,2010-5-28 00:00,37.0, ,INCHES
HOR,D,18,SNOW DP,2010-5-29 00:00,2010-5-29 00:00,34.0, ,INCHES
HOR,D,18,SNOW DP,2010-5-30 00:00,2010-5-30 00:00,32.0, ,INCHES
HOR,D,18,SNOW DP,2010-5-31 00:00,2010-5-31 00:00,29.0, ,INCHES
HOR,D,18,SNOW DP,2010-6-1 00:00,2010-6-1 00:00,27.0, ,INCHES
HOR,D,18,SNOW DP,2010-6-2 00:00,2010-6-2 00:00,26.0, ,INCHES
HOR,D,18,SNOW DP,2010-6-3 00:00,2010-6-3 00:00,23.0, ,INCHES
HOR,D,18,SNOW DP,2010-6-4 00:00,2010-6-4 00:00,21.0, ,INCHES
HOR,D,18,SNOW DP,2010-6-5 00:00,2010-6-5 00:00,19.0, ,INCHES
HOR,D,18,SNOW DP,2010-6-6 00:00,2010-6-6 00:00,17.0, ,INCHES
HOR,D,18,SNOW DP,2010-6-7 00:00,2010-6-7 00:00,14.0, ,INCHES
HOR,D,18,SNOW DP,2010-6-8 00:00,2010-6-8 00:00,11.0, ,INCHES
HOR,D,18,SNOW DP,2010-6-9 00:00,2010-6-9 00:00,8.0, ,INCHES
HOR,D,18,SNOW DP,2010-6-10 00:00,2010-6-10 00:00,6.0, ,INCHES
HOR,D,18,SNOW DP,2010-6-11 00:00,2010-6-11 00:00,3.0, ,INCHES
HOR,D,18,SNOW DP,2010-6-12 00:00,2010-6-12 00:00,2.0, ,INCHES
HOR,D,18,SNOW DP,2010-6-13 00:00,2010-6-13 00:00,-1.0, ,INCHES
HOR,D,18,SNOW DP,2010-6-14 00:00,2010-6-14 00:00,-2.0, ,INCHES
HOR,D,18,SNOW DP,2010-6-15 00:00,2010-6-15 00:00,-1.0, ,INCHES
HOR,D,18,SNOW DP,2010-6-16 00:00,2010-6-16 00:00,-1.0, ,INCHES
HOR,D,18,SNOW DP,2010-6-17 00:00,2010-6-17 00:00,-1.0, ,INCHES
HOR,D,18,SNOW DP,2010-6-18 00:00,2010-6-18 00:00,-2.0, ,INCHES
HOR,D,18,SNOW DP,2010-6-19 00:00,2010-6-19 00:00,-1.0, ,INCHES
HOR,D,18,SNOW DP,2010-6-20 00:00,2010-6-20 00:00,-2.0, ,INCHES
HOR,D,18,SNOW DP,2010-6-21 00:00,2010-6-21 00:00,-1.0, ,INCHES
HOR,D,18,SNOW DP,2010-6-22 00:00,2010-6-22 00:00,-1.0, ,INCHES
HOR,D,18,SNOW DP,2010-6-23 00:00,2010-6-23 00:00,-2.0, ,INCHES
HOR,D,18,SNOW DP,2010-6-24 00:00,2010-6-24 00:00,-2.0, ,INCHES
HOR,D,18,SNOW DP,2010-6-25 00:00,2010-6-25 00:00,-2.0, ,INCHES
HOR,D,18,SNOW DP,2010-6-26 00:00,2010-6-26 00:00,-1.0, ,INCHES
HOR,D,18,SNOW DP,2010-6-27 00:00,2010-6-27 00:00,-2.0, ,INCHES
HOR,D,18,SNOW DP,2010-6-28 00:00,2010-6-28 00:00,-2.0, ,INCHES
HOR,D,18,SNOW DP,2010-6-29 00:00,2010-6-29 00:00,-2.0, ,INCHES
HOR,D,18,SNOW DP,2010-6-30 00:00,2010-6-30 00:00,-2.0, ,INCHES
HOR,D,18,SNOW DP,2010-7-1 00:00,2010-7-1 00:00,-1.0, ,INCHES
HOR,D,18,SNOW DP,2010-7-2 00:00,2010-7-2 00:00,-2.0, ,INCHES
HOR,D,18,SNOW DP,2010-7-3 00:00,2010-7-3 00:00,-2.0, ,INCHES
HOR,D,18,SNOW DP,2010-7-4 00:00,,-9999.0, ,INCHES
HOR,D,18,SNOW DP,2010-7-5 00:00,2010-7-5 00:00,-2.0, ,INCHES
HOR,D,18,SNOW DP,2010-7-6 00:00,2010-7-6 00:00,-2.0, ,INCHES
HOR,D,18,SNOW DP,2010-7-7 00:00,2010-7-7 00:00,-2.0, ,INCHES
HOR,D,18,SNOW DP,2010-7-8 00:00,2010-7-8 00:00,-2.0, ,INCHES
HOR,D,18,SNOW DP,2010-7-9 00:00,,-9999.0, ,INCHES
HOR,D,18,SNOW DP,2010-7-10 00:00,2010-7-10 00:00,-2.0, ,INCHES
HOR,D,18,SNOW DP,2010-7-11 00:00,2010-7-11 00:00,-2.0, ,INCHES
HOR,D,18,SNOW DP,2010-7-12 00:00,2010-7-12 00:00,-2.0, ,INCHES
HOR,D,18,SNOW DP,2010-7-13 00:00,2010-7-13 00:00,-2.0, ,INCHES
HOR,D,18,SNOW DP,2010-7-14 00:00,2010-7-14 00:00,-2.0, ,INCHES
HOR,D,18,SNOW DP,2010-7-15 00:00,2010-7-15 00:00,-2.0, ,INCHES
HOR,D,18,SNOW DP,2010-7-16 00:00,2010-7-16 00:00,-2.0, ,INCHES
HOR,D,18,SNOW DP,2010-7-17 00:00,2010-7-17 00:00,-2.0, ,INCHES
HOR,D,18,SNOW DP,2010-7-18 00:00,2010-7-18 00:00,-2.0, ,INCHES
HOR,D,18,SNOW DP,2010-7-19 00:00,2010-7-19 00:00,-2.0, ,INCHES
HOR,D,18,SNOW DP,2010-7-20 00:00,2010-7-20 00:00,-2.0, ,INCHES
HOR,D,18,SNOW DP,2010-7-21 00:00,2010-7-21 00:00,-2.0, ,INCHES
HOR,D,82,SNO ADJ,2009-10-1 00:00,2009-10-1 00:00,0.0,r,INCHES
HOR,D,82,SNO ADJ,2009-10-2 00:00,2009-10-2 00:00,0.0,r,INCHES
HOR,D,82,SNO ADJ,2009-10-3 00:00,2009-10-3 00:00,0.0,r,INCHES
HOR,D,82,SNO ADJ,2009-10-4 00:00,2009-10-4 00:00,0.0,r,INCHES
HOR,D,82,SNO ADJ,2009-10-5 00:00,2009-10-5 00:00,0.0,r,INCHES
HOR,D,82,SNO ADJ,2009-10-6 00:00,2009-10-6 00:00,0.0,r,INCHES
HOR,D,82,SNO ADJ,2009-10-7 00:00,2009-10-7 00:00,0.0,r,INCHES
HOR,D,82,SNO ADJ,2009-10-8 00:00,2009-10-8 00:00,0.0,r,INCHES
HOR,D,82,SNO ADJ,2009-10-9 00:00,2009-10-9 00:00,0.0,r,INCHES
HOR,D,82,SNO ADJ,2009-10-10 00:00,2009-10-10 00:00,0.0,r,INCHES
HOR,D,82,SNO ADJ,2009-10-11 00:00,2009-10-11 00:00,0.0,r,INCHES
HOR,D,82,SNO ADJ,2009-10-12 00:00,2009-10-12 00:00,0.0,r,INCHES
HOR,D,82,SNO ADJ,2009-10-13 00:00,2009-10-13 00:00,0.1, ,INCHES
HOR,D,82,SNO ADJ,2009-10-14 00:00,2009-10-14 00:00,1.6, ,INCHES
HOR,D,82,SNO ADJ,2009-10-15 00:00,2009-10-15 00:00,1.4, ,INCHES
HOR,D,82,SNO ADJ,2009-10-16 00:00,2009-10-16 00:00,0.9, ,INCHES
HOR,D,82,SNO ADJ,2009-10-17 00:00,2009-10-17 00:00,0.3, ,INCHES
HOR,D,82,SNO ADJ,2009-10-18 00:00,2009-10-18 00:00,0.2, ,INCHES
HOR,D,82,SNO ADJ,2009-10-19 00:00,2009-10-19 00:00,-9999.0, ,INCHES
HOR,D,82,SNO ADJ,2009-10-20 00:00,2009-10-20 00:00,0.2, ,INCHES
HOR,D,82,SNO ADJ,2009-10-21 00:00,2009-10-21 00:00,0.1, ,INCHES
HOR,D,82,SNO ADJ,2009-10-22 00:00,2009-10-22 00:00,0.2, ,INCHES
HOR,D,82,SNO ADJ,2009-10-23 00:00,2009-10-23 00:00,0.1, ,INCHES
HOR,D,82,SNO ADJ,2009-10-24 00:00,2009-10-24 00:00,0.1, ,INCHES
HOR,D,82,SNO ADJ,2009-10-25 00:00,2009-10-25 00:00,0.1, ,INCHES
HOR,D,82,SNO ADJ,2009-10-26 00:00,2009-10-26 00:00,0.1, ,INCHES
HOR,D,82,SNO ADJ,2009-10-27 00:00,2009-10-27 00:00,0.0, ,INCHES
HOR,D,82,SNO ADJ,2009-10-28 00:00,2009-10-28 00:00,-9999.0, ,INCHES
HOR,D,82,SNO ADJ,2009-10-29 00:00,2009-10-29 00:00,-0.1, ,INCHES
HOR,D,82,SNO ADJ,2009-10-30 00:00,2009-10-30 00:00,0.2, ,INCHES
HOR,D,82,SNO ADJ,2009-10-31 00:00,2009-10-31 00:00,0.2, ,INCHES
HOR,D,82,SNO ADJ,2009-11-1 00:00,2009-11-1 00:00,-9999.0, ,INCHES
HOR,D,82,SNO ADJ,2009-11-2 00:00,2009-11-2 00:00,-9999.0, ,INCHES
HOR,D,82,SNO ADJ,2009-11-3 00:00,2009-11-3 00:00,0.2, ,INCHES
HOR,D,82,SNO ADJ,2009-11-4 00:00,2009-11-4 00:00,0.1, ,INCHES
HOR,D,82,SNO ADJ,2009-11-5 00:00,2009-11-5 00:00,0.1, ,INCHES
HOR,D,82,SNO ADJ,2009-11-6 00:00,2009-11-6 00:00,0.1, ,INCHES
HOR,D,82,SNO ADJ,2009-11-7 00:00,2009-11-7 00:00,0.1, ,INCHES
HOR,D,82,SNO ADJ,2009-11-8 00:00,2009-11-8 00:00,0.0, ,INCHES
HOR,D,82,SNO ADJ,2009-11-9 00:00,2009-11-9 00:00,0.1, ,INCHES
HOR,D,82,SNO ADJ,2009-11-10 00:00,2009-11-10 00:00,0.2, ,INCHES
HOR,D,82,SNO ADJ,2009-11-11 00:00,2009-11-11 00:00,0.2, ,INCHES
HOR,D,82,SNO ADJ,2009-11-12 00:00,2009-11-12 00:00,0.2, ,INCHES
HOR,D,82,SNO ADJ,2009-11-13 00:00,2009-11-13 00:00,-9999.0, ,INCHES
HOR,D,82,SNO ADJ,2009-11-14 00:00,2009-11-14 00:00,0.2, ,INCHES
HOR,D,82,SNO ADJ,2009-11-15 00:00,2009-11-15 00:00,0.2, ,INCHES
HOR,D,82,SNO ADJ,2009-11-16 00:00,2009-11-16 00:00,0.2, ,INCHES
HOR,D,82,SNO ADJ,2009-11-17 00:00,2009-11-17 00:00,0.2, ,INCHES
HOR,D,82,SNO ADJ,2009-11-18 00:00,2009-11-18 00:00,0.2, ,INCHES
HOR,D,82,SNO ADJ,2009-11-19 00:00,2009-11-19 00:00,0.2, ,INCHES
HOR,D,82,SNO ADJ,2009-11-20 00:00,2009-11-20 00:00,0.2, ,INCHES
HOR,D,82,SNO ADJ,2009-11-21 00:00,2009-11-21 00:00,0.5, ,INCHES
HOR,D,82,SNO ADJ,2009-11-22 00:00,2009-11-22 00:00,0.6, ,INCHES
HOR,D,82,SNO ADJ,2009-11-23 00:00,2009-11-23 00:00,0.5, ,INCHES
HOR,D,82,SNO ADJ,2009-11-24 00:00,2009-11-24 00:00,0.6, ,INCHES
HOR,D,82,SNO ADJ,2009-11-25 00:00,2009-11-25 00:00,0.7, ,INCHES
HOR,D,82,SNO ADJ,2009-11-26 00:00,2009-11-26 00:00,0.6, ,INCHES
HOR,D,82,SNO ADJ,2009-11-27 00:00,2009-11-27 00:00,0.6, ,INCHES
HOR,D,82,SNO ADJ,2009-11-28 00:00,2009-11-28 00:00,1.3, ,INCHES
HOR,D,82,SNO ADJ,2009-11-29 00:00,2009-11-29 00:00,1.4, ,INCHES
HOR,D,82,SNO ADJ,2009-11-30 00:00,2009-11-30 00:00,1.4, ,INCHES
HOR,D,82,SNO ADJ,2009-12-1 00:00,2009-12-1 00:00,1.4, ,INCHES
HOR,D,82,SNO ADJ,2009-12-2 00:00,2009-12-2 00:00,1.3, ,INCHES
HOR,D,82,SNO ADJ,2009-12-3 00:00,2009-12-3 00:00,1.3, ,INCHES
HOR,D,82,SNO ADJ,2009-12-4 00:00,2009-12-4 00:00,1.4, ,INCHES
HOR,D,82,SNO ADJ,2009-12-5 00:00,2009-12-5 00:00,1.4, ,INCHES
HOR,D,82,SNO ADJ,2009-12-6 00:00,2009-12-6 00:00,1.2, ,INCHES
HOR,D,82,SNO ADJ,2009-12-7 00:00,2009-12-7 00:00,1.6, ,INCHES
HOR,D,82,SNO ADJ,2009-12-8 00:00,2009-12-8 00:00,2.0, ,INCHES
HOR,D,82,SNO ADJ,2009-12-9 00:00,2009-12-9 00:00,2.0, ,INCHES
HOR,D,82,SNO ADJ,2009-12-10 00:00,2009-12-10 00:00,2.2, ,INCHES
HOR,D,82,SNO ADJ,2009-12-11 00:00,2009-12-11 00:00,2.5, ,INCHES
HOR,D,82,SNO ADJ,2009-12-12 00:00,2009-12-12 00:00,2.8, ,INCHES
HOR,D,82,SNO ADJ,2009-12-13 00:00,2009-12-13 00:00,4.3, ,INCHES
HOR,D,82,SNO ADJ,2009-12-14 00:00,2009-12-14 00:00,4.4, ,INCHES
HOR,D,82,SNO ADJ,2009-12-15 00:00,2009-12-15 00:00,4.5, ,INCHES
HOR,D,82,SNO ADJ,2009-12-16 00:00,2009-12-16 00:00,4.5, ,INCHES
HOR,D,82,SNO ADJ,2009-12-17 00:00,2009-12-17 00:00,4.5,e,INCHES
HOR,D,82,SNO ADJ,2009-12-18 00:00,2009-12-18 00:00,4.6, ,INCHES
HOR,D,82,SNO ADJ,2009-12-19 00:00,2009-12-19 00:00,4.6, ,INCHES
HOR,D,82,SNO ADJ,2009-12-20 00:00,2009-12-20 00:00,4.6, ,INCHES
HOR,D,82,SNO ADJ,2009-12-21 00:00,2009-12-21 00:00,4.6, ,INCHES
HOR,D,82,SNO ADJ,2009-12-22 00:00,2009-12-22 00:00,4.9, ,INCHES
HOR,D,82,SNO ADJ,2009-12-23 00:00,2009-12-22 00:00,5.0, ,INCHES
HOR,D,82,SNO ADJ,2009-12-24 00:00,2009-12-24 00:00,5.1, ,INCHES
HOR,D,82,SNO ADJ,2009-12-25 00:00,2009-12-25 00:00,5.1, ,INCHES
HOR,D,82,SNO ADJ,2009-12-26 00:00,2009-12-26 00:00,5.1, ,INCHES
HOR,D,82,SNO ADJ,2009-12-27 00:00,2009-12-27 00:00,5.1, ,INCHES
HOR,D,82,SNO ADJ,2009-12-28 00:00,2009-12-28 00:00,5.1, ,INCHES
HOR,D,82,SNO ADJ,2009-12-29 00:00,2009-12-29 00:00,5.3, ,INCHES
HOR,D,82,SNO ADJ,2009-12-30 00:00,2009-12-30 00:00,5.6, ,INCHES
HOR,D,82,SNO ADJ,2009-12-31 00:00,2009-12-31 00:00,5.6, ,INCHES
HOR,D,82,SNO ADJ,2010-1-1 00:00,2010-1-1 00:00,5.7, ,INCHES
HOR,D,82,SNO ADJ,2010-1-2 00:00,2010-1-2 00:00,5.9, ,INCHES
HOR,D,82,SNO ADJ,2010-1-3 00:00,2010-1-3 00:00,5.9, ,INCHES
HOR,D,82,SNO ADJ,2010-1-4 00:00,2010-1-4 00:00,5.9, ,INCHES
HOR,D,82,SNO ADJ,2010-1-5 00:00,2010-1-5 00:00,5.9, ,INCHES
HOR,D,82,SNO ADJ,2010-1-6 00:00,2010-1-6 00:00,5.9, ,INCHES
HOR,D,82,SNO ADJ,2010-1-7 00:00,2010-1-7 00:00,5.9, ,INCHES
HOR,D,82,SNO ADJ,2010-1-8 00:00,2010-1-8 00:00,5.9, ,INCHES
HOR,D,82,SNO ADJ,2010-1-9 00:00,2010-1-9 00:00,6.1, ,INCHES
HOR,D,82,SNO ADJ,2010-1-10 00:00,2010-1-10 00:00,6.1, ,INCHES
HOR,D,82,SNO ADJ,2010-1-11 00:00,2010-1-11 00:00,6.1, ,INCHES
HOR,D,82,SNO ADJ,2010-1-12 00:00,2010-1-12 00:00,6.1, ,INCHES
HOR,D,82,SNO ADJ,2010-1-13 00:00,2010-1-13 00:00,7.1, ,INCHES
HOR,D,82,SNO ADJ,2010-1-14 00:00,2010-1-14 00:00,7.3, ,INCHES
HOR,D,82,SNO ADJ,2010-1-15 00:00,2010-1-15 00:00,7.4, ,INCHES
HOR,D,82,SNO ADJ,2010-1-16 00:00,2010-1-16 00:00,7.4, ,INCHES
HOR,D,82,SNO ADJ,2010-1-17 00:00,2010-1-17 00:00,7.3, ,INCHES
HOR,D,82,SNO ADJ,2010-1-18 00:00,2010-1-18 00:00,7.5, ,INCHES
HOR,D,82,SNO ADJ,2010-1-19 00:00,2010-1-19 00:00,9.4, ,INCHES
HOR,D,82,SNO ADJ,2010-1-20 00:00,2010-1-20 00:00,9.7, ,INCHES
HOR,D,82,SNO ADJ,2010-1-21 00:00,2010-1-21 00:00,11.2, ,INCHES
HOR,D,82,SNO ADJ,2010-1-22 00:00,2010-1-22 00:00,11.8, ,INCHES
HOR,D,82,SNO ADJ,2010-1-23 00:00,2010-1-23 00:00,11.7, ,INCHES
HOR,D,82,SNO ADJ,2010-1-24 00:00,2010-1-24 00:00,11.7, ,INCHES
HOR,D,82,SNO ADJ,2010-1-25 00:00,2010-1-25 00:00,12.0, ,INCHES
HOR,D,82,SNO ADJ,2010-1-26 00:00,2010-1-26 00:00,12.8, ,INCHES
HOR,D,82,SNO ADJ,2010-1-27 00:00,2010-1-27 00:00,12.9, ,INCHES
HOR,D,82,SNO ADJ,2010-1-28 00:00,2010-1-28 00:00,12.8, ,INCHES
HOR,D,82,SNO ADJ,2010-1-29 00:00,2010-1-29 00:00,12.9, ,INCHES
HOR,D,82,SNO ADJ,2010-1-30 00:00,2010-1-30 00:00,12.8, ,INCHES
HOR,D,82,SNO ADJ,2010-1-31 00:00,2010-1-30 00:00,12.8, ,INCHES
HOR,D,82,SNO ADJ,2010-2-1 00:00,2010-2-1 00:00,12.9, ,INCHES
HOR,D,82,SNO ADJ,2010-2-2 00:00,2010-2-2 00:00,12.9, ,INCHES
HOR,D,82,SNO ADJ,2010-2-3 00:00,2010-2-3 00:00,12.9, ,INCHES
HOR,D,82,SNO ADJ,2010-2-4 00:00,2010-2-4 00:00,12.9, ,INCHES
HOR,D,82,SNO ADJ,2010-2-5 00:00,2010-2-5 00:00,13.4, ,INCHES
HOR,D,82,SNO ADJ,2010-2-6 00:00,2010-2-6 00:00,13.4, ,INCHES
HOR,D,82,SNO ADJ,2010-2-7 00:00,2010-2-7 00:00,13.8, ,INCHES
HOR,D,82,SNO ADJ,2010-2-8 00:00,2010-2-8 00:00,13.9, ,INCHES
HOR,D,82,SNO ADJ,2010-2-9 00:00,2010-2-9 00:00,13.9, ,INCHES
HOR,D,82,SNO ADJ,2010-2-10 00:00,2010-2-10 00:00,13.9, ,INCHES
HOR,D,82,SNO ADJ,2010-2-11 00:00,2010-2-11 00:00,13.9, ,INCHES
HOR,D,82,SNO ADJ,2010-2-12 00:00,2010-2-12 00:00,14.0, ,INCHES
HOR,D,82,SNO ADJ,2010-2-13 00:00,2010-2-13 00:00,13.9, ,INCHES
HOR,D,82,SNO ADJ,2010-2-14 00:00,2010-2-14 00:00,13.9, ,INCHES
HOR,D,82,SNO ADJ,2010-2-15 00:00,2010-2-15 00:00,13.9, ,INCHES
HOR,D,82,SNO ADJ,2010-2-16 00:00,2010-2-16 00:00,13.8, ,INCHES
HOR,D,82,SNO ADJ,2010-2-17 00:00,2010-2-17 00:00,13.8, ,INCHES
HOR,D,82,SNO ADJ,2010-2-18 00:00,2010-2-18 00:00,13.8, ,INCHES
HOR,D,82,SNO ADJ,2010-2-19 00:00,2010-2-19 00:00,13.7, ,INCHES
HOR,D,82,SNO ADJ,2010-2-20 00:00,2010-2-20 00:00,13.7, ,INCHES
HOR,D,82,SNO ADJ,2010-2-21 00:00,2010-2-21 00:00,14.0, ,INCHES
HOR,D,82,SNO ADJ,2010-2-22 00:00,2010-2-22 00:00,14.0, ,INCHES
HOR,D,82,SNO ADJ,2010-2-23 00:00,2010-2-23 00:00,14.1, ,INCHES
HOR,D,82,SNO ADJ,2010-2-24 00:00,2010-2-24 00:00,14.9, ,INCHES
HOR,D,82,SNO ADJ,2010-2-25 00:00,2010-2-25 00:00,15.2, ,INCHES
HOR,D,82,SNO ADJ,2010-2-26 00:00,2010-2-26 00:00,15.4, ,INCHES
HOR,D,82,SNO ADJ,2010-2-27 00:00,2010-2-27 00:00,17.3, ,INCHES
HOR,D,82,SNO ADJ,2010-2-28 00:00,2010-2-28 00:00,17.3, ,INCHES
HOR,D,82,SNO ADJ,2010-3-1 00:00,2010-3-1 00:00,17.3, ,INCHES
HOR,D,82,SNO ADJ,2010-3-2 00:00,2010-3-2 00:00,17.3, ,INCHES
HOR,D,82,SNO ADJ,2010-3-3 00:00,2010-3-3 00:00,17.4, ,INCHES
HOR,D,82,SNO ADJ,2010-3-4 00:00,2010-3-4 00:00,17.8, ,INCHES
HOR,D,82,SNO ADJ,2010-3-5 00:00,2010-3-5 00:00,17.8, ,INCHES
HOR,D,82,SNO ADJ,2010-3-6 00:00,2010-3-6 00:00,17.9, ,INCHES
HOR,D,82,SNO ADJ,2010-3-7 00:00,2010-3-7 00:00,18.0, ,INCHES
HOR,D,82,SNO ADJ,2010-3-8 00:00,2010-3-8 00:00,17.9, ,INCHES
HOR,D,82,SNO ADJ,2010-3-9 00:00,2010-3-9 00:00,17.8, ,INCHES
HOR,D,82,SNO ADJ,2010-3-10 00:00,2010-3-10 00:00,18.0, ,INCHES
HOR,D,82,SNO ADJ,2010-3-11 00:00,2010-3-11 00:00,18.0, ,INCHES
HOR,D,82,SNO ADJ,2010-3-12 00:00,2010-3-12 00:00,18.1, ,INCHES
HOR,D,82,SNO ADJ,2010-3-13 00:00,2010-3-13 00:00,18.8, ,INCHES
HOR,D,82,SNO ADJ,2010-3-14 00:00,2010-3-14 00:00,18.8, ,INCHES
HOR,D,82,SNO ADJ,2010-3-15 00:00,2010-3-15 00:00,18.8, ,INCHES
HOR,D,82,SNO ADJ,2010-3-16 00:00,2010-3-16 00:00,18.7, ,INCHES
HOR,D,82,SNO ADJ,2010-3-17 00:00,2010-3-17 00:00,18.6, ,INCHES
HOR,D,82,SNO ADJ,2010-3-18 00:00,2010-3-18 00:00,18.5, ,INCHES
HOR,D,82,SNO ADJ,2010-3-19 00:00,2010-3-19 00:00,18.2, ,INCHES
HOR,D,82,SNO ADJ,2010-3-20 00:00,2010-3-20 00:00,18.1, ,INCHES
HOR,D,82,SNO ADJ,2010-3-21 00:00,2010-3-21 00:00,18.0, ,INCHES
HOR,D,82,SNO ADJ,2010-3-22 00:00,2010-3-22 00:00,18.0, ,INCHES
HOR,D,82,SNO ADJ,2010-3-23 00:00,2010-3-23 00:00,17.8, ,INCHES
HOR,D,82,SNO ADJ,2010-3-24 00:00,2010-3-24 00:00,17.6, ,INCHES
HOR,D,82,SNO ADJ,2010-3-25 00:00,2010-3-25 00:00,17.6, ,INCHES
HOR,D,82,SNO ADJ,2010-3-26 00:00,2010-3-26 00:00,17.9, ,INCHES
HOR,D,82,SNO ADJ,2010-3-27 00:00,2010-3-27 00:00,18.2, ,INCHES
HOR,D,82,SNO ADJ,2010-3-28 00:00,2010-3-28 00:00,17.7, ,INCHES
HOR,D,82,SNO ADJ,2010-3-29 00:00,2010-3-29 00:00,17.5, ,INCHES
HOR,D,82,SNO ADJ,2010-3-30 00:00,2010-3-30 00:00,18.4,e,INCHES
HOR,D,82,SNO ADJ,2010-3-31 00:00,2010-3-31 00:00,18.8, ,INCHES
HOR,D,82,SNO ADJ,2010-4-1 00:00,2010-4-1 00:00,18.9, ,INCHES
HOR,D,82,SNO ADJ,2010-4-2 00:00,2010-4-2 00:00,19.1, ,INCHES
HOR,D,82,SNO ADJ,2010-4-3 00:00,2010-4-3 00:00,19.1,e,INCHES
HOR,D,82,SNO ADJ,2010-4-4 00:00,2010-4-4 00:00,19.7, ,INCHES
HOR,D,82,SNO ADJ,2010-4-5 00:00,2010-4-5 00:00,20.5, ,INCHES
HOR,D,82,SNO ADJ,2010-4-6 00:00,2010-4-6 00:00,21.2, ,INCHES
HOR,D,82,SNO ADJ,2010-4-7 00:00,2010-4-7 00:00,21.2, ,INCHES
HOR,D,82,SNO ADJ,2010-4-8 00:00,2010-4-8 00:00,21.0,e,INCHES
HOR,D,82,SNO ADJ,2010-4-9 00:00,2010-4-9 00:00,20.8,e,INCHES
HOR,D,82,SNO ADJ,2010-4-10 00:00,2010-4-10 00:00,20.6, ,INCHES
HOR,D,82,SNO ADJ,2010-4-11 00:00,2010-4-11 00:00,20.5, ,INCHES
HOR,D,82,SNO ADJ,2010-4-12 00:00,2010-4-12 00:00,21.1, ,INCHES
HOR,D,82,SNO ADJ,2010-4-13 00:00,2010-4-13 00:00,21.1, ,INCHES
HOR,D,82,SNO ADJ,2010-4-14 00:00,2010-4-14 00:00,21.3, ,INCHES
HOR,D,82,SNO ADJ,2010-4-15 00:00,2010-4-15 00:00,21.3, ,INCHES
HOR,D,82,SNO ADJ,2010-4-16 00:00,2010-4-16 00:00,21.2, ,INCHES
HOR,D,82,SNO ADJ,2010-4-17 00:00,2010-4-17 00:00,20.9, ,INCHES
HOR,D,82,SNO ADJ,2010-4-18 00:00,2010-4-18 00:00,20.6, ,INCHES
HOR,D,82,SNO ADJ,2010-4-19 00:00,2010-4-19 00:00,20.1, ,INCHES
HOR,D,82,SNO ADJ,2010-4-20 00:00,2010-4-20 00:00,19.7, ,INCHES
HOR,D,82,SNO ADJ,2010-4-21 00:00,2010-4-21 00:00,19.8, ,INCHES
HOR,D,82,SNO ADJ,2010-4-22 00:00,2010-4-22 00:00,20.5, ,INCHES
HOR,D,82,SNO ADJ,2010-4-23 00:00,2010-4-23 00:00,21.0, ,INCHES
HOR,D,82,SNO ADJ,2010-4-24 00:00,2010-4-24 00:00,20.8, ,INCHES
HOR,D,82,SNO ADJ,2010-4-25 00:00,2010-4-25 00:00,20.5, ,INCHES
HOR,D,82,SNO ADJ,2010-4-26 00:00,2010-4-26 00:00,20.4, ,INCHES
HOR,D,82,SNO ADJ,2010-4-27 00:00,2010-4-27 00:00,20.2, ,INCHES
HOR,D,82,SNO ADJ,2010-4-28 00:00,2010-4-28 00:00,20.6, ,INCHES
HOR,D,82,SNO ADJ,2010-4-29 00:00,2010-4-29 00:00,21.1, ,INCHES
HOR,D,82,SNO ADJ,2010-4-30 00:00,2010-4-30 00:00,21.4, ,INCHES
HOR,D,82,SNO ADJ,2010-5-1 00:00,2010-5-1 00:00,21.4, ,INCHES
HOR,D,82,SNO ADJ,2010-5-2 00:00,2010-5-2 00:00,21.4, ,INCHES
HOR,D,82,SNO ADJ,2010-5-3 00:00,2010-5-3 00:00,21.2, ,INCHES
HOR,D,82,SNO ADJ,2010-5-4 00:00,2010-5-4 00:00,20.8, ,INCHES
HOR,D,82,SNO ADJ,2010-5-5 00:00,2010-5-5 00:00,20.3, ,INCHES
HOR,D,82,SNO ADJ,2010-5-6 00:00,2010-5-6 00:00,19.7, ,INCHES
HOR,D,82,SNO ADJ,2010-5-7 00:00,2010-5-7 00:00,19.4, ,INCHES
HOR,D,82,SNO ADJ,2010-5-8 00:00,2010-5-8 00:00,19.1, ,INCHES
HOR,D,82,SNO ADJ,2010-5-9 00:00,2010-5-9 00:00,18.8, ,INCHES
HOR,D,82,SNO ADJ,2010-5-10 00:00,2010-5-10 00:00,18.5, ,INCHES
HOR,D,82,SNO ADJ,2010-5-11 00:00,2010-5-11 00:00,18.9, ,INCHES
HOR,D,82,SNO ADJ,2010-5-12 00:00,2010-5-12 00:00,19.1, ,INCHES
HOR,D,82,SNO ADJ,2010-5-13 00:00,2010-5-13 00:00,19.2, ,INCHES
HOR,D,82,SNO ADJ,2010-5-14 00:00,2010-5-14 00:00,18.8, ,INCHES
HOR,D,82,SNO ADJ,2010-5-15 00:00,2010-5-15 00:00,18.3, ,INCHES
HOR,D,82,SNO ADJ,2010-5-16 00:00,2010-5-16 00:00,17.3,e,INCHES
HOR,D,82,SNO ADJ,2010-5-17 00:00,2010-5-17 00:00,16.3, ,INCHES
HOR,D,82,SNO ADJ,2010-5-18 00:00,2010-5-18 00:00,15.9, ,INCHES
HOR,D,82,SNO ADJ,2010-5-19 00:00,2010-5-19 00:00,15.4, ,INCHES
HOR,D,82,SNO ADJ,2010-5-20 00:00,2010-5-20 00:00,15.4, ,INCHES
HOR,D,82,SNO ADJ,2010-5-21 00:00,2010-5-21 00:00,14.9, ,INCHES
HOR,D,82,SNO ADJ,2010-5-22 00:00,2010-5-22 00:00,13.9, ,INCHES
HOR,D,82,SNO ADJ,2010-5-23 00:00,2010-5-23 00:00,14.3, ,INCHES
HOR,D,82,SNO ADJ,2010-5-24 00:00,2010-5-24 00:00,14.7, ,INCHES
HOR,D,82,SNO ADJ,2010-5-25 00:00,2010-5-25 00:00,15.2, ,INCHES
HOR,D,82,SNO ADJ,2010-5-26 00:00,2010-5-26 00:00,14.4, ,INCHES
HOR,D,82,SNO ADJ,2010-5-27 00:00,2010-5-27 00:00,14.4, ,INCHES
HOR,D,82,SNO ADJ,2010-5-28 00:00,2010-5-28 00:00,14.5, ,INCHES
HOR,D,82,SNO ADJ,2010-5-29 00:00,2010-5-29 00:00,14.9, ,INCHES
HOR,D,82,SNO ADJ,2010-5-30 00:00,2010-5-30 00:00,14.6, ,INCHES
HOR,D,82,SNO ADJ,2010-5-31 00:00,2010-5-31 00:00,13.4, ,INCHES
HOR,D,82,SNO ADJ,2010-6-1 00:00,2010-6-1 00:00,12.3, ,INCHES
HOR,D,82,SNO ADJ,2010-6-2 00:00,2010-6-2 00:00,11.6, ,INCHES
HOR,D,82,SNO ADJ,2010-6-3 00:00,2010-6-3 00:00,10.6, ,INCHES
HOR,D,82,SNO ADJ,2010-6-4 00:00,2010-6-4 00:00,9.6, ,INCHES
HOR,D,82,SNO ADJ,2010-6-5 00:00,2010-6-5 00:00,8.7, ,INCHES
HOR,D,82,SNO ADJ,2010-6-6 00:00,2010-6-6 00:00,7.2, ,INCHES
HOR,D,82,SNO ADJ,2010-6-7 00:00,2010-6-7 00:00,5.8, ,INCHES
HOR,D,82,SNO ADJ,2010-6-8 00:00,2010-6-8 00:00,4.3, ,INCHES
HOR,D,82,SNO ADJ,2010-6-9 00:00,2010-6-9 00:00,3.0, ,INCHES
HOR,D,82,SNO ADJ,2010-6-10 00:00,2010-6-10 00:00,2.1, ,INCHES
HOR,D,82,SNO ADJ,2010-6-11 00:00,2010-6-11 00:00,1.7, ,INCHES
HOR,D,82,SNO ADJ,2010-6-12 00:00,2010-6-12 00:00,1.3, ,INCHES
HOR,D,82,SNO ADJ,2010-6-13 00:00,2010-6-13 00:00,0.7, ,INCHES
HOR,D,82,SNO ADJ,2010-6-14 00:00,2010-6-14 00:00,0.2, ,INCHES
HOR,D,82,SNO ADJ,2010-6-15 00:00,2010-6-15 00:00,0.0, ,INCHES
HOR,D,82,SNO ADJ,2010-6-16 00:00,2010-6-16 00:00,0.0, ,INCHES
HOR,D,82,SNO ADJ,2010-6-17 00:00,2010-6-17 00:00,0.0, ,INCHES
HOR,D,82,SNO ADJ,2010-6-18 00:00,2010-6-18 00:00,0.0,r,INCHES
HOR,D,82,SNO ADJ,2010-6-19 00:00,2010-6-19 00:00,0.0,r,INCHES
HOR,D,82,SNO ADJ,2010-6-20 00:00,2010-6-20 00:00,0.0,r,INCHES
HOR,D,82,SNO ADJ,2010-6-21 00:00,2010-6-21 00:00,0.0,r,INCHES
HOR,D,82,SNO ADJ,2010-6-22 00:00,2010-6-22 00:00,0.0,r,INCHES
HOR,D,82,SNO ADJ,2010-6-23 00:00,2010-6-23 00:00,0.0,r,INCHES
HOR,D,82,SNO ADJ,2010-6-24 00:00,2010-6-24 00:00,0.0,r,INCHES
HOR,D,82,SNO ADJ,2010-6-25 00:00,2010-6-25 00:00,0.0,r,INCHES
HOR,D,82,SNO ADJ,2010-6-26 00:00,2010-6-26 00:00,0.0,r,INCHES
HOR,D,82,SNO ADJ,2010-6-27 00:00,2010-6-27 00:00,0.0,r,INCHES
HOR,D,82,SNO ADJ,2010-6-28 00:00,2010-6-28 00:00,0.0,r,INCHES
HOR,D,82,SNO ADJ,2010-6-29 00:00,2010-6-29 00:00,0.0,r,INCHES
HOR,D,82,SNO ADJ,2010-6-30 00:00,2010-6-30 00:00,0.0,r,INCHES
HOR,D,82,SNO ADJ,2010-7-1 00:00,2010-7-1 00:00,0.0,r,INCHES
HOR,D,82,SNO ADJ,2010-7-2 00:00,2010-7-2 00:00,0.0,r,INCHES
HOR,D,82,SNO ADJ,2010-7-3 00:00,2010-7-3 00:00,0.0,r,INCHES
HOR,D,82,SNO ADJ,2010-7-4 00:00,2010-7-4 00:00,0.0,r,INCHES
HOR,D,82,SNO ADJ,2010-7-5 00:00,2010-7-5 00:00,0.0,r,INCHES
HOR,D,82,SNO ADJ,2010-7-6 00:00,2010-7-6 00:00,0.0,r,INCHES
HOR,D,82,SNO ADJ,2010-7-7 00:00,2010-7-7 00:00,0.0,r,INCHES
HOR,D,82,SNO ADJ,2010-7-8 00:00,2010-7-8 00:00,0.0,r,INCHES
HOR,D,82,SNO ADJ,2010-7-9 00:00,2010-7-9 00:00,0.0,r,INCHES
HOR,D,82,SNO ADJ,2010-7-10 00:00,2010-7-10 00:00,0.0,r,INCHES
HOR,D,82,SNO ADJ,2010-7-11 00:00,2010-7-11 00:00,0.0,r,INCHES
HOR,D,82,SNO ADJ,2010-7-12 00:00,2010-7-12 00:00,0.0,r,INCHES
HOR,D,82,SNO ADJ,2010-7-13 00:00,2010-7-12 00:00,0.0,r,INCHES
HOR,D,82,SNO ADJ,2010-7-14 00:00,2010-7-14 00:00,0.0,r,INCHES
HOR,D,82,SNO ADJ,2010-7-15 00:00,2010-7-15 00:00,0.0,r,INCHES
HOR,D,82,SNO ADJ,2010-7-16 00:00,2010-7-16 00:00,0.0,r,INCHES
HOR,D,82,SNO ADJ,2010-7-17 00:00,2010-7-17 00:00,0.0,r,INCHES
HOR,D,82,SNO ADJ,2010-7-18 00:00,2010-7-18 00:00,0.0,r,INCHES
HOR,D,82,SNO ADJ,2010-7-19 00:00,2010-7-19 00:00,0.0,r,INCHES
HOR,D,82,SNO ADJ,2010-7-20 00:00,2010-7-20 00:00,0.0,r,INCHES
HOR,D,82,SNO ADJ,2010-7-21 00:00,2010-7-21 00:00,0.0,r,INCHES
